01111111
01000101
01001100
01000110
00000001
00000001
00000001
00000000
00000000
00000000
00000000
00000000
00000000
00000000
00000000
00000000
00000010
00000000
00101000
00000000
00000001
00000000
00000000
00000000
11100000
00000010
00000001
00000000
00110100
00000000
00000000
00000000
01011100
00011010
00000000
00000000
00000000
00000100
00000000
00000101
00110100
00000000
00100000
00000000
00001001
00000000
00101000
00000000
00011101
00000000
00011100
00000000
00000001
00000000
00000000
01110000
01001000
00000100
00000000
00000000
01001000
00000100
00000001
00000000
01001000
00000100
00000001
00000000
00001000
00000000
00000000
00000000
00001000
00000000
00000000
00000000
00000100
00000000
00000000
00000000
00000100
00000000
00000000
00000000
00000110
00000000
00000000
00000000
00110100
00000000
00000000
00000000
00110100
00000000
00000001
00000000
00110100
00000000
00000001
00000000
00100000
00000001
00000000
00000000
00100000
00000001
00000000
00000000
00000100
00000000
00000000
00000000
00000100
00000000
00000000
00000000
00000011
00000000
00000000
00000000
01010100
00000001
00000000
00000000
01010100
00000001
00000001
00000000
01010100
00000001
00000001
00000000
00011001
00000000
00000000
00000000
00011001
00000000
00000000
00000000
00000100
00000000
00000000
00000000
00000001
00000000
00000000
00000000
00000001
00000000
00000000
00000000
00000000
00000000
00000000
00000000
00000000
00000000
00000001
00000000
00000000
00000000
00000001
00000000
01010100
00000100
00000000
00000000
01010100
00000100
00000000
00000000
00000101
00000000
00000000
00000000
00000000
00000000
00000001
00000000
00000001
00000000
00000000
00000000
00010000
00001111
00000000
00000000
00010000
00001111
00000010
00000000
00010000
00001111
00000010
00000000
00010100
00000001
00000000
00000000
00011000
00000001
00000000
00000000
00000110
00000000
00000000
00000000
00000000
00000000
00000001
00000000
00000010
00000000
00000000
00000000
00011000
00001111
00000000
00000000
00011000
00001111
00000010
00000000
00011000
00001111
00000010
00000000
11101000
00000000
00000000
00000000
11101000
00000000
00000000
00000000
00000110
00000000
00000000
00000000
00000100
00000000
00000000
00000000
00000100
00000000
00000000
00000000
01110000
00000001
00000000
00000000
01110000
00000001
00000001
00000000
01110000
00000001
00000001
00000000
01000100
00000000
00000000
00000000
01000100
00000000
00000000
00000000
00000100
00000000
00000000
00000000
00000100
00000000
00000000
00000000
01010001
11100101
01110100
01100100
00000000
00000000
00000000
00000000
00000000
00000000
00000000
00000000
00000000
00000000
00000000
00000000
00000000
00000000
00000000
00000000
00000000
00000000
00000000
00000000
00000111
00000000
00000000
00000000
00010000
00000000
00000000
00000000
01010010
11100101
01110100
01100100
00010000
00001111
00000000
00000000
00010000
00001111
00000010
00000000
00010000
00001111
00000010
00000000
11110000
00000000
00000000
00000000
11110000
00000000
00000000
00000000
00000100
00000000
00000000
00000000
00000001
00000000
00000000
00000000
00101111
01101100
01101001
01100010
00101111
01101100
01100100
00101101
01101100
01101001
01101110
01110101
01111000
00101101
01100001
01110010
01101101
01101000
01100110
00101110
01110011
01101111
00101110
00110011
00000000
00000000
00000000
00000000
00000100
00000000
00000000
00000000
00010000
00000000
00000000
00000000
00000001
00000000
00000000
00000000
01000111
01001110
01010101
00000000
00000000
00000000
00000000
00000000
00000011
00000000
00000000
00000000
00000010
00000000
00000000
00000000
00000000
00000000
00000000
00000000
00000100
00000000
00000000
00000000
00010100
00000000
00000000
00000000
00000011
00000000
00000000
00000000
01000111
01001110
01010101
00000000
10010001
01110010
11011110
10010101
01110000
10001000
01110101
01010001
10101011
00101111
11100000
10111100
10001111
00111000
11100100
10110001
01111001
01001110
10010101
01001001
00000010
00000000
00000000
00000000
00000010
00000000
00000000
00000000
00000001
00000000
00000000
00000000
00000101
00000000
00000000
00000000
00000000
01001000
00000010
00100000
00000010
00000000
00000000
00000000
00000011
00000000
00000000
00000000
00101111
01001110
00111101
11110110
01111101
11101101
00010001
00001111
00000000
00000000
00000000
00000000
00000000
00000000
00000000
00000000
00000000
00000000
00000000
00000000
00000000
00000000
00000000
00000000
00101101
00000000
00000000
00000000
00000000
00000000
00000000
00000000
00000000
00000000
00000000
00000000
00100000
00000000
00000000
00000000
00010001
00000000
00000000
00000000
00000000
00000000
00000000
00000000
00000000
00000000
00000000
00000000
00010010
00000000
00000000
00000000
00001011
00000000
00000000
00000000
00000000
00000000
00000000
00000000
00000000
00000000
00000000
00000000
00010010
00000000
00000000
00000000
00000000
01101100
01101001
01100010
01100011
00101110
01110011
01101111
00101110
00110110
00000000
01100001
01100010
01101111
01110010
01110100
00000000
01011111
01011111
01101100
01101001
01100010
01100011
01011111
01110011
01110100
01100001
01110010
01110100
01011111
01101101
01100001
01101001
01101110
00000000
01000111
01001100
01001001
01000010
01000011
01011111
00110010
00101110
00110100
00000000
01011111
01011111
01100111
01101101
01101111
01101110
01011111
01110011
01110100
01100001
01110010
01110100
01011111
01011111
00000000
00000000
00000000
00000000
00000000
00000010
00000000
00000010
00000000
00000001
00000000
00000001
00000000
00000001
00000000
00000000
00000000
00010000
00000000
00000000
00000000
00000000
00000000
00000000
00000000
00010100
01101001
01101001
00001101
00000000
00000000
00000010
00000000
00100011
00000000
00000000
00000000
00000000
00000000
00000000
00000000
00011000
00010000
00000010
00000000
00010101
00000001
00000000
00000000
00001100
00010000
00000010
00000000
00010110
00000010
00000000
00000000
00010000
00010000
00000010
00000000
00010110
00000001
00000000
00000000
00010100
00010000
00000010
00000000
00010110
00000011
00000000
00000000
00001000
01000000
00101101
11101001
00011101
00000000
00000000
11101011
00001000
10000000
10111101
11101000
00000100
11100000
00101101
11100101
00000100
11100000
10011111
11100101
00001110
11100000
10001111
11100000
00001000
11110000
10111110
11100101
01001000
00001101
00000001
00000000
00000000
11000110
10001111
11100010
00010000
11001010
10001100
11100010
01001000
11111101
10111100
11100101
00000000
11000110
10001111
11100010
00010000
11001010
10001100
11100010
01000000
11111101
10111100
11100101
00000000
11000110
10001111
11100010
00010000
11001010
10001100
11100010
00111000
11111101
10111100
11100101
00000000
10110000
10100000
11100011
00000000
11100000
10100000
11100011
00000100
00010000
10011101
11100100
00001101
00100000
10100000
11100001
00000100
00100000
00101101
11100101
00000100
00000000
00101101
11100101
00010000
11000000
10011111
11100101
00000100
11000000
00101101
11100101
00001100
00000000
10011111
11100101
00001100
00110000
10011111
11100101
11101011
11111111
11111111
11101011
11110000
11111111
11111111
11101011
00111000
00000100
00000001
00000000
11010000
00000011
00000001
00000000
11011000
00000011
00000001
00000000
00010100
00110000
10011111
11100101
00010100
00100000
10011111
11100101
00000011
00110000
10001111
11100000
00000010
00100000
10010011
11100111
00000000
00000000
01010010
11100011
00011110
11111111
00101111
00000001
11100011
11111111
11111111
11101010
11010100
00001100
00000001
00000000
00011000
00000000
00000000
00000000
00011000
00000000
10011111
11100101
00011000
00110000
10011111
11100101
00000000
00000000
01010011
11100001
00011110
11111111
00101111
00000001
00010000
00110000
10011111
11100101
00000000
00000000
01010011
11100011
00011110
11111111
00101111
00000001
00010011
11111111
00101111
11100001
00100100
00010000
00000010
00000000
00100100
00010000
00000010
00000000
00000000
00000000
00000000
00000000
00100100
00000000
10011111
11100101
00100100
00010000
10011111
11100101
00000000
00010000
01000001
11100000
01000001
00010001
10100000
11100001
10100001
00011111
10000001
11100000
11000001
00010000
10110000
11100001
00011110
11111111
00101111
00000001
00010000
00110000
10011111
11100101
00000000
00000000
01010011
11100011
00011110
11111111
00101111
00000001
00010011
11111111
00101111
11100001
00100100
00010000
00000010
00000000
00100100
00010000
00000010
00000000
00000000
00000000
00000000
00000000
00010000
01000000
00101101
11101001
00011000
01000000
10011111
11100101
00000000
00110000
11010100
11100101
00000000
00000000
01010011
11100011
00010000
10000000
10111101
00011000
11100000
11111111
11111111
11101011
00000001
00110000
10100000
11100011
00000000
00110000
11000100
11100101
00010000
10000000
10111101
11101000
00100100
00010000
00000010
00000000
11100110
11111111
11111111
11101010
00000010
00000000
10100000
11100011
00011110
11111111
00101111
11100001
11110000
01000111
00101101
11101001
00000000
01110000
10100000
11100001
01001000
01100000
10011111
11100101
01001000
01010000
10011111
11100101
00000110
01100000
10001111
11100000
00000101
01010000
10001111
11100000
00000101
01100000
01000110
11100000
00000001
10000000
10100000
11100001
00000010
10010000
10100000
11100001
10100110
11111111
11111111
11101011
01000110
01100001
10110000
11100001
11110000
10000111
10111101
00001000
00000000
01000000
10100000
11100011
00000001
01000000
10000100
11100010
00000100
00110000
10010101
11100100
00001001
00100000
10100000
11100001
00001000
00010000
10100000
11100001
00000111
00000000
10100000
11100001
00110011
11111111
00101111
11100001
00000100
00000000
01010110
11100001
11110111
11111111
11111111
00011010
11110000
10000111
10111101
11101000
00100100
00001011
00000001
00000000
00011100
00001011
00000001
00000000
00011110
11111111
00101111
11100001
00001000
01000000
00101101
11101001
00001000
10000000
10111101
11101000
00000001
00000000
00000010
00000000
10011000
11111110
11111111
01111111
00000001
00000000
00000000
00000000
00000000
00000000
00000000
00000000
00000000
00000000
00000000
00000000
00000000
00000000
00000000
00000000
00000000
00000000
00000000
00000000
00000000
00000000
00000000
00000000
00000000
00000000
00000000
00000000
00000000
00000000
00000000
00000000
00000000
00000000
00000000
00000000
00000000
00000000
00000000
00000000
00000000
00000000
00000000
00000000
00000000
00000000
00000000
00000000
00000000
00000000
00000000
00000000
00000000
00000000
00000000
00000000
00000000
00000000
00000000
00000000
00000000
00000000
00000000
00000000
00000000
00000000
00000000
00000000
00000000
00000000
00000000
00000000
00000000
00000000
00000000
00000000
00000000
00000000
00000000
00000000
00000000
00000000
00000000
00000000
00000000
00000000
00000000
00000000
00000000
00000000
00000000
00000000
00000000
00000000
00000000
00000000
00000000
00000000
00000000
00000000
00000000
00000000
00000000
00000000
00000000
00000000
00000000
00000000
00000000
00000000
00000000
00000000
00000000
00000000
00000000
00000000
00000000
00000000
00000000
00000000
00000000
00000000
00000000
00000000
00000000
00000000
00000000
00000000
00000000
00000000
00000000
00000000
00000000
00000000
00000000
00000000
00000000
00000000
00000000
00000000
00000000
00000000
00000000
00000000
00000000
00000000
00000000
00000000
00000000
00000000
00000000
00000000
00000000
00000000
00000000
00000000
00000000
00000000
00000000
00000000
00000000
00000000
00000000
00000000
00000000
00000000
00000000
00000000
00000000
00000000
00000000
00000000
00000000
00000000
00000000
00000000
00000000
00000000
00000000
00000000
00000000
00000000
00000000
00000000
00000000
00000000
00000000
00000000
00000000
00000000
00000000
00000000
00000000
00000000
00000000
00000000
00000000
00000000
00000000
00000000
00000000
00000000
00000000
00000000
00000000
00000000
00000000
00000000
00000000
00000000
00000000
00000000
00000000
00000000
00000000
00000000
00000000
00000000
00000000
00000000
00000000
00000000
00000000
00000000
00000000
00000000
00000000
00000000
00000000
00000000
00000000
00000000
00000000
00000000
00000000
00000000
00000000
00000000
00000000
00000000
00000000
00000000
00000000
00000000
00000000
00000000
00000000
00000000
00000000
00000000
00000000
00000000
00000000
00000000
00000000
00000000
00000000
00000000
00000000
00000000
00000000
00000000
00000000
00000000
00000000
00000000
00000000
00000000
00000000
00000000
00000000
00000000
00000000
00000000
00000000
00000000
00000000
00000000
00000000
00000000
00000000
00000000
00000000
00000000
00000000
00000000
00000000
00000000
00000000
00000000
00000000
00000000
00000000
00000000
00000000
00000000
00000000
00000000
00000000
00000000
00000000
00000000
00000000
00000000
00000000
00000000
00000000
00000000
00000000
00000000
00000000
00000000
00000000
00000000
00000000
00000000
00000000
00000000
00000000
00000000
00000000
00000000
00000000
00000000
00000000
00000000
00000000
00000000
00000000
00000000
00000000
00000000
00000000
00000000
00000000
00000000
00000000
00000000
00000000
00000000
00000000
00000000
00000000
00000000
00000000
00000000
00000000
00000000
00000000
00000000
00000000
00000000
00000000
00000000
00000000
00000000
00000000
00000000
00000000
00000000
00000000
00000000
00000000
00000000
00000000
00000000
00000000
00000000
00000000
00000000
00000000
00000000
00000000
00000000
00000000
00000000
00000000
00000000
00000000
00000000
00000000
00000000
00000000
00000000
00000000
00000000
00000000
00000000
00000000
00000000
00000000
00000000
00000000
00000000
00000000
00000000
00000000
00000000
00000000
00000000
00000000
00000000
00000000
00000000
00000000
00000000
00000000
00000000
00000000
00000000
00000000
00000000
00000000
00000000
00000000
00000000
00000000
00000000
00000000
00000000
00000000
00000000
00000000
00000000
00000000
00000000
00000000
00000000
00000000
00000000
00000000
00000000
00000000
00000000
00000000
00000000
00000000
00000000
00000000
00000000
00000000
00000000
00000000
00000000
00000000
00000000
00000000
00000000
00000000
00000000
00000000
00000000
00000000
00000000
00000000
00000000
00000000
00000000
00000000
00000000
00000000
00000000
00000000
00000000
00000000
00000000
00000000
00000000
00000000
00000000
00000000
00000000
00000000
00000000
00000000
00000000
00000000
00000000
00000000
00000000
00000000
00000000
00000000
00000000
00000000
00000000
00000000
00000000
00000000
00000000
00000000
00000000
00000000
00000000
00000000
00000000
00000000
00000000
00000000
00000000
00000000
00000000
00000000
00000000
00000000
00000000
00000000
00000000
00000000
00000000
00000000
00000000
00000000
00000000
00000000
00000000
00000000
00000000
00000000
00000000
00000000
00000000
00000000
00000000
00000000
00000000
00000000
00000000
00000000
00000000
00000000
00000000
00000000
00000000
00000000
00000000
00000000
00000000
00000000
00000000
00000000
00000000
00000000
00000000
00000000
00000000
00000000
00000000
00000000
00000000
00000000
00000000
00000000
00000000
00000000
00000000
00000000
00000000
00000000
00000000
00000000
00000000
00000000
00000000
00000000
00000000
00000000
00000000
00000000
00000000
00000000
00000000
00000000
00000000
00000000
00000000
00000000
00000000
00000000
00000000
00000000
00000000
00000000
00000000
00000000
00000000
00000000
00000000
00000000
00000000
00000000
00000000
00000000
00000000
00000000
00000000
00000000
00000000
00000000
00000000
00000000
00000000
00000000
00000000
00000000
00000000
00000000
00000000
00000000
00000000
00000000
00000000
00000000
00000000
00000000
00000000
00000000
00000000
00000000
00000000
00000000
00000000
00000000
00000000
00000000
00000000
00000000
00000000
00000000
00000000
00000000
00000000
00000000
00000000
00000000
00000000
00000000
00000000
00000000
00000000
00000000
00000000
00000000
00000000
00000000
00000000
00000000
00000000
00000000
00000000
00000000
00000000
00000000
00000000
00000000
00000000
00000000
00000000
00000000
00000000
00000000
00000000
00000000
00000000
00000000
00000000
00000000
00000000
00000000
00000000
00000000
00000000
00000000
00000000
00000000
00000000
00000000
00000000
00000000
00000000
00000000
00000000
00000000
00000000
00000000
00000000
00000000
00000000
00000000
00000000
00000000
00000000
00000000
00000000
00000000
00000000
00000000
00000000
00000000
00000000
00000000
00000000
00000000
00000000
00000000
00000000
00000000
00000000
00000000
00000000
00000000
00000000
00000000
00000000
00000000
00000000
00000000
00000000
00000000
00000000
00000000
00000000
00000000
00000000
00000000
00000000
00000000
00000000
00000000
00000000
00000000
00000000
00000000
00000000
00000000
00000000
00000000
00000000
00000000
00000000
00000000
00000000
00000000
00000000
00000000
00000000
00000000
00000000
00000000
00000000
00000000
00000000
00000000
00000000
00000000
00000000
00000000
00000000
00000000
00000000
00000000
00000000
00000000
00000000
00000000
00000000
00000000
00000000
00000000
00000000
00000000
00000000
00000000
00000000
00000000
00000000
00000000
00000000
00000000
00000000
00000000
00000000
00000000
00000000
00000000
00000000
00000000
00000000
00000000
00000000
00000000
00000000
00000000
00000000
00000000
00000000
00000000
00000000
00000000
00000000
00000000
00000000
00000000
00000000
00000000
00000000
00000000
00000000
00000000
00000000
00000000
00000000
00000000
00000000
00000000
00000000
00000000
00000000
00000000
00000000
00000000
00000000
00000000
00000000
00000000
00000000
00000000
00000000
00000000
00000000
00000000
00000000
00000000
00000000
00000000
00000000
00000000
00000000
00000000
00000000
00000000
00000000
00000000
00000000
00000000
00000000
00000000
00000000
00000000
00000000
00000000
00000000
00000000
00000000
00000000
00000000
00000000
00000000
00000000
00000000
00000000
00000000
00000000
00000000
00000000
00000000
00000000
00000000
00000000
00000000
00000000
00000000
00000000
00000000
00000000
00000000
00000000
00000000
00000000
00000000
00000000
00000000
00000000
00000000
00000000
00000000
00000000
00000000
00000000
00000000
00000000
00000000
00000000
00000000
00000000
00000000
00000000
00000000
00000000
00000000
00000000
00000000
00000000
00000000
00000000
00000000
00000000
00000000
00000000
00000000
00000000
00000000
00000000
00000000
00000000
00000000
00000000
00000000
00000000
00000000
00000000
00000000
00000000
00000000
00000000
00000000
00000000
00000000
00000000
00000000
00000000
00000000
00000000
00000000
00000000
00000000
00000000
00000000
00000000
00000000
00000000
00000000
00000000
00000000
00000000
00000000
00000000
00000000
00000000
00000000
00000000
00000000
00000000
00000000
00000000
00000000
00000000
00000000
00000000
00000000
00000000
00000000
00000000
00000000
00000000
00000000
00000000
00000000
00000000
00000000
00000000
00000000
00000000
00000000
00000000
00000000
00000000
00000000
00000000
00000000
00000000
00000000
00000000
00000000
00000000
00000000
00000000
00000000
00000000
00000000
00000000
00000000
00000000
00000000
00000000
00000000
00000000
00000000
00000000
00000000
00000000
00000000
00000000
00000000
00000000
00000000
00000000
00000000
00000000
00000000
00000000
00000000
00000000
00000000
00000000
00000000
00000000
00000000
00000000
00000000
00000000
00000000
00000000
00000000
00000000
00000000
00000000
00000000
00000000
00000000
00000000
00000000
00000000
00000000
00000000
00000000
00000000
00000000
00000000
00000000
00000000
00000000
00000000
00000000
00000000
00000000
00000000
00000000
00000000
00000000
00000000
00000000
00000000
00000000
00000000
00000000
00000000
00000000
00000000
00000000
00000000
00000000
00000000
00000000
00000000
00000000
00000000
00000000
00000000
00000000
00000000
00000000
00000000
00000000
00000000
00000000
00000000
00000000
00000000
00000000
00000000
00000000
00000000
00000000
00000000
00000000
00000000
00000000
00000000
00000000
00000000
00000000
00000000
00000000
00000000
00000000
00000000
00000000
00000000
00000000
00000000
00000000
00000000
00000000
00000000
00000000
00000000
00000000
00000000
00000000
00000000
00000000
00000000
00000000
00000000
00000000
00000000
00000000
00000000
00000000
00000000
00000000
00000000
00000000
00000000
00000000
00000000
00000000
00000000
00000000
00000000
00000000
00000000
00000000
00000000
00000000
00000000
00000000
00000000
00000000
00000000
00000000
00000000
00000000
00000000
00000000
00000000
00000000
00000000
00000000
00000000
00000000
00000000
00000000
00000000
00000000
00000000
00000000
00000000
00000000
00000000
00000000
00000000
00000000
00000000
00000000
00000000
00000000
00000000
00000000
00000000
00000000
00000000
00000000
00000000
00000000
00000000
00000000
00000000
00000000
00000000
00000000
00000000
00000000
00000000
00000000
00000000
00000000
00000000
00000000
00000000
00000000
00000000
00000000
00000000
00000000
00000000
00000000
00000000
00000000
00000000
00000000
00000000
00000000
00000000
00000000
00000000
00000000
00000000
00000000
00000000
00000000
00000000
00000000
00000000
00000000
00000000
00000000
00000000
00000000
00000000
00000000
00000000
00000000
00000000
00000000
00000000
00000000
00000000
00000000
00000000
00000000
00000000
00000000
00000000
00000000
00000000
00000000
00000000
00000000
00000000
00000000
00000000
00000000
00000000
00000000
00000000
00000000
00000000
00000000
00000000
00000000
00000000
00000000
00000000
00000000
00000000
00000000
00000000
00000000
00000000
00000000
00000000
00000000
00000000
00000000
00000000
00000000
00000000
00000000
00000000
00000000
00000000
00000000
00000000
00000000
00000000
00000000
00000000
00000000
00000000
00000000
00000000
00000000
00000000
00000000
00000000
00000000
00000000
00000000
00000000
00000000
00000000
00000000
00000000
00000000
00000000
00000000
00000000
00000000
00000000
00000000
00000000
00000000
00000000
00000000
00000000
00000000
00000000
00000000
00000000
00000000
00000000
00000000
00000000
00000000
00000000
00000000
00000000
00000000
00000000
00000000
00000000
00000000
00000000
00000000
00000000
00000000
00000000
00000000
00000000
00000000
00000000
00000000
00000000
00000000
00000000
00000000
00000000
00000000
00000000
00000000
00000000
00000000
00000000
00000000
00000000
00000000
00000000
00000000
00000000
00000000
00000000
00000000
00000000
00000000
00000000
00000000
00000000
00000000
00000000
00000000
00000000
00000000
00000000
00000000
00000000
00000000
00000000
00000000
00000000
00000000
00000000
00000000
00000000
00000000
00000000
00000000
00000000
00000000
00000000
00000000
00000000
00000000
00000000
00000000
00000000
00000000
00000000
00000000
00000000
00000000
00000000
00000000
00000000
00000000
00000000
00000000
00000000
00000000
00000000
00000000
00000000
00000000
00000000
00000000
00000000
00000000
00000000
00000000
00000000
00000000
00000000
00000000
00000000
00000000
00000000
00000000
00000000
00000000
00000000
00000000
00000000
00000000
00000000
00000000
00000000
00000000
00000000
00000000
00000000
00000000
00000000
00000000
00000000
00000000
00000000
00000000
00000000
00000000
00000000
00000000
00000000
00000000
00000000
00000000
00000000
00000000
00000000
00000000
00000000
00000000
00000000
00000000
00000000
00000000
00000000
00000000
00000000
00000000
00000000
00000000
00000000
00000000
00000000
00000000
00000000
00000000
00000000
00000000
00000000
00000000
00000000
00000000
00000000
00000000
00000000
00000000
00000000
00000000
00000000
00000000
00000000
00000000
00000000
00000000
00000000
00000000
00000000
00000000
00000000
00000000
00000000
00000000
00000000
00000000
00000000
00000000
00000000
00000000
00000000
00000000
00000000
00000000
00000000
00000000
00000000
00000000
00000000
00000000
00000000
00000000
00000000
00000000
00000000
00000000
00000000
00000000
00000000
00000000
00000000
00000000
00000000
00000000
00000000
00000000
00000000
00000000
00000000
00000000
00000000
00000000
00000000
00000000
00000000
00000000
00000000
00000000
00000000
00000000
00000000
00000000
00000000
00000000
00000000
00000000
00000000
00000000
00000000
00000000
00000000
00000000
00000000
00000000
00000000
00000000
00000000
00000000
00000000
00000000
00000000
00000000
00000000
00000000
00000000
00000000
00000000
00000000
00000000
00000000
00000000
00000000
00000000
00000000
00000000
00000000
00000000
00000000
00000000
00000000
00000000
00000000
00000000
00000000
00000000
00000000
00000000
00000000
00000000
00000000
00000000
00000000
00000000
00000000
00000000
00000000
00000000
00000000
00000000
00000000
00000000
00000000
00000000
00000000
00000000
00000000
00000000
00000000
00000000
00000000
00000000
00000000
00000000
00000000
00000000
00000000
00000000
00000000
00000000
00000000
00000000
00000000
00000000
00000000
00000000
00000000
00000000
00000000
00000000
00000000
00000000
00000000
00000000
00000000
00000000
00000000
00000000
00000000
00000000
00000000
00000000
00000000
00000000
00000000
00000000
00000000
00000000
00000000
00000000
00000000
00000000
00000000
00000000
00000000
00000000
00000000
00000000
00000000
00000000
00000000
00000000
00000000
00000000
00000000
00000000
00000000
00000000
00000000
00000000
00000000
00000000
00000000
00000000
00000000
00000000
00000000
00000000
00000000
00000000
00000000
00000000
00000000
00000000
00000000
00000000
00000000
00000000
00000000
00000000
00000000
00000000
00000000
00000000
00000000
00000000
00000000
00000000
00000000
00000000
00000000
00000000
00000000
00000000
00000000
00000000
00000000
00000000
00000000
00000000
00000000
00000000
00000000
00000000
00000000
00000000
00000000
00000000
00000000
00000000
00000000
00000000
00000000
00000000
00000000
00000000
00000000
00000000
00000000
00000000
00000000
00000000
00000000
00000000
00000000
00000000
00000000
00000000
00000000
00000000
00000000
00000000
00000000
00000000
00000000
00000000
00000000
00000000
00000000
00000000
00000000
00000000
00000000
00000000
00000000
00000000
00000000
00000000
00000000
00000000
00000000
00000000
00000000
00000000
00000000
00000000
00000000
00000000
00000000
00000000
00000000
00000000
00000000
00000000
00000000
00000000
00000000
00000000
00000000
00000000
00000000
00000000
00000000
00000000
00000000
00000000
00000000
00000000
00000000
00000000
00000000
00000000
00000000
00000000
00000000
00000000
00000000
00000000
00000000
00000000
00000000
00000000
00000000
00000000
00000000
00000000
00000000
00000000
00000000
00000000
00000000
00000000
00000000
00000000
00000000
00000000
00000000
00000000
00000000
00000000
00000000
00000000
00000000
00000000
00000000
00000000
00000000
00000000
00000000
00000000
00000000
00000000
00000000
00000000
00000000
00000000
00000000
00000000
00000000
00000000
00000000
00000000
00000000
00000000
00000000
00000000
00000000
00000000
00000000
00000000
00000000
00000000
00000000
00000000
00000000
00000000
00000000
00000000
00000000
00000000
00000000
00000000
00000000
00000000
00000000
00000000
00000000
00000000
00000000
00000000
00000000
00000000
00000000
00000000
00000000
00000000
00000000
00000000
00000000
00000000
00000000
00000000
00000000
00000000
00000000
00000000
00000000
00000000
00000000
00000000
00000000
00000000
00000000
00000000
00000000
00000000
00000000
00000000
00000000
00000000
00000000
00000000
00000000
00000000
00000000
00000000
00000000
00000000
00000000
00000000
00000000
00000000
00000000
00000000
00000000
00000000
00000000
00000000
00000000
00000000
00000000
00000000
00000000
00000000
00000000
00000000
00000000
00000000
00000000
00000000
00000000
00000000
00000000
00000000
00000000
00000000
00000000
00000000
00000000
00000000
00000000
00000000
00000000
00000000
00000000
00000000
00000000
00000000
00000000
00000000
00000000
00000000
00000000
00000000
00000000
00000000
00000000
00000000
00000000
00000000
00000000
00000000
00000000
00000000
00000000
00000000
00000000
00000000
00000000
00000000
00000000
00000000
00000000
00000000
00000000
00000000
00000000
00000000
00000000
00000000
00000000
00000000
00000000
00000000
00000000
00000000
00000000
00000000
00000000
00000000
00000000
00000000
00000000
00000000
00000000
00000000
00000000
00000000
00000000
00000000
00000000
00000000
00000000
00000000
00000000
00000000
00000000
00000000
00000000
00000000
00000000
00000000
00000000
00000000
00000000
00000000
00000000
00000000
00000000
00000000
00000000
00000000
00000000
00000000
00000000
00000000
00000000
00000000
00000000
00000000
00000000
00000000
00000000
00000000
00000000
00000000
00000000
00000000
00000000
00000000
00000000
00000000
00000000
00000000
00000000
00000000
00000000
00000000
00000000
00000000
00000000
00000000
00000000
00000000
00000000
00000000
00000000
00000000
00000000
00000000
00000000
00000000
00000000
00000000
00000000
00000000
00000000
00000000
00000000
00000000
00000000
00000000
00000000
00000000
00000000
00000000
00000000
00000000
00000000
00000000
00000000
00000000
00000000
00000000
00000000
00000000
00000000
00000000
00000000
00000000
00000000
00000000
00000000
00000000
00000000
00000000
00000000
00000000
00000000
00000000
00000000
00000000
00000000
00000000
00000000
00000000
00000000
00000000
00000000
00000000
00000000
00000000
00000000
00000000
00000000
00000000
00000000
00000000
00000000
00000000
00000000
00000000
00000000
00000000
00000000
00000000
00000000
00000000
00000000
00000000
00000000
00000000
00000000
00000000
00000000
00000000
00000000
00000000
00000000
00000000
00000000
00000000
00000000
00000000
00000000
00000000
00000000
00000000
00000000
00000000
00000000
00000000
00000000
00000000
00000000
00000000
00000000
00000000
00000000
00000000
00000000
00000000
00000000
00000000
00000000
00000000
00000000
00000000
00000000
00000000
00000000
00000000
00000000
00000000
00000000
00000000
00000000
00000000
00000000
00000000
00000000
00000000
00000000
00000000
00000000
00000000
00000000
00000000
00000000
00000000
00000000
00000000
00000000
00000000
00000000
00000000
00000000
00000000
00000000
00000000
00000000
00000000
00000000
00000000
00000000
00000000
00000000
00000000
00000000
00000000
00000000
00000000
00000000
00000000
00000000
00000000
00000000
00000000
00000000
00000000
00000000
00000000
00000000
00000000
00000000
00000000
00000000
00000000
00000000
00000000
00000000
00000000
00000000
00000000
00000000
00000000
00000000
00000000
00000000
00000000
00000000
00000000
00000000
00000000
00000000
00000000
00000000
00000000
00000000
00000000
00000000
00000000
00000000
00000000
00000000
00000000
00000000
00000000
00000000
00000000
00000000
00000000
00000000
00000000
00000000
00000000
00000000
00000000
00000000
00000000
00000000
00000000
00000000
00000000
00000000
00000000
00000000
00000000
00000000
00000000
00000000
00000000
00000000
00000000
00000000
00000000
00000000
00000000
00000000
00000000
00000000
00000000
00000000
00000000
00000000
00000000
00000000
00000000
00000000
00000000
00000000
00000000
00000000
00000000
00000000
00000000
00000000
00000000
00000000
00000000
00000000
00000000
00000000
00000000
00000000
00000000
00000000
00000000
00000000
00000000
00000000
00000000
00000000
00000000
00000000
00000000
00000000
00000000
00000000
00000000
00000000
00000000
00000000
00000000
00000000
00000000
00000000
00000000
00000000
00000000
00000000
00000000
00000000
00000000
00000000
00000000
00000000
00000000
00000000
00000000
00000000
00000000
00000000
00000000
00000000
00000000
00000000
00000000
00000000
00000000
00000000
00000000
00000000
00000000
00000000
00000000
00000000
00000000
00000000
00000000
00000000
00000000
00000000
00000000
00000000
00000000
00000000
00000000
00000000
00000000
00000000
00000000
00000000
00000000
00000000
00000000
00000000
00000000
00000000
00000000
00000000
00000000
00000000
00000000
00000000
00000000
00000000
00000000
00000000
00000000
00000000
00000000
00000000
00000000
00000000
00000000
00000000
00000000
00000000
00000000
00000000
00000000
00000000
00000000
00000000
00000000
00000000
00000000
00000000
00000000
00000000
00000000
00000000
00000000
00000000
00000000
00000000
00000000
00000000
00000000
00000000
00000000
00000000
00000000
00000000
00000000
00000000
00000000
00000000
00000000
00000000
00000000
00000000
00000000
00000000
00000000
00000000
00000000
00000000
00000000
00000000
00000000
00000000
00000000
00000000
00000000
00000000
00000000
00000000
00000000
00000000
00000000
00000000
00000000
00000000
00000000
00000000
00000000
00000000
00000000
00000000
00000000
00000000
00000000
00000000
00000000
00000000
00000000
00000000
00000000
00000000
00000000
00000000
00000000
00000000
00000000
00000000
00000000
00000000
00000000
00000000
00000000
00000000
00000000
00000000
00000000
00000000
00000000
00000000
00000000
00000000
00000000
00000000
00000000
00000000
00000000
00000000
00000000
00000000
00000000
00000000
00000000
00000000
00000000
00000000
00000000
00000000
00000000
00000000
00000000
00000000
00000000
00000000
00000000
00000000
00000000
00000000
00000000
00000000
00000000
00000000
00000000
00000000
00000000
00000000
00000000
00000000
00000000
00000000
00000000
00000000
00000000
00000000
00000000
00000000
00000000
00000000
00000000
00000000
00000000
00000000
00000000
00000000
00000000
00000000
00000000
00000000
00000000
00000000
00000000
00000000
00000000
00000000
00000000
00000000
00000000
00000000
00000000
00000000
00000000
00000000
00000000
00000000
00000000
00000000
00000000
00000000
00000000
00000000
00000000
00000000
00000000
00000000
00000000
00000000
00000000
00000000
00000000
00000000
00000000
00000000
00000000
00000000
00000000
00000000
00000000
00000000
00000000
00000000
00000000
00000000
00000000
00000000
00000000
00000000
00000000
00000000
00000000
00000000
00000000
00000000
00000000
00000000
00000000
00000000
00000000
00000000
00000000
00000000
00000000
00000000
00000000
00000000
00000000
00000000
00000000
00000000
00000000
00000000
00000000
00000000
00000000
00000000
00000000
00000000
00000000
00000000
00000000
00000000
00000000
00000000
00000000
00000000
00000000
00000000
00000000
00000000
00000000
00000000
00000000
00000000
00000000
00000000
00000000
00000000
00000000
00000000
00000000
00000000
00000000
00000000
00000000
00000000
00000000
00000000
00000000
00000000
00000000
00000000
00000000
00000000
00000000
00000000
00000000
00000000
00000000
00000000
00000000
00000000
00000000
00000000
00000000
00000000
00000000
00000000
00000000
00000000
00000000
00000000
00000000
00000000
00000000
00000000
00000000
00000000
00000000
00000000
00000000
00000000
00000000
00000000
00000000
00000000
00000000
00000000
00000000
00000000
00000000
00000000
00000000
00000000
00000000
00000000
00000000
00000000
00000000
00000000
00000000
00000000
00000000
00000000
00000000
00000000
00000000
00000000
00000000
00000000
00000000
00000000
00000000
00000000
00000000
00000000
00000000
00000000
00000000
00000000
00000000
00000000
00000000
00000000
00000000
00000000
00000000
00000000
00000000
00000000
00000000
00000000
00000000
00000000
00000000
00000000
00000000
00000000
00000000
00000000
11001100
00000011
00000001
00000000
10100100
00000011
00000001
00000000
00000001
00000000
00000000
00000000
00000001
00000000
00000000
00000000
00001100
00000000
00000000
00000000
10011100
00000010
00000001
00000000
00001101
00000000
00000000
00000000
00111100
00000100
00000001
00000000
00011001
00000000
00000000
00000000
00010000
00001111
00000010
00000000
00011011
00000000
00000000
00000000
00000100
00000000
00000000
00000000
00011010
00000000
00000000
00000000
00010100
00001111
00000010
00000000
00011100
00000000
00000000
00000000
00000100
00000000
00000000
00000000
11110101
11111110
11111111
01101111
10110100
00000001
00000001
00000000
00000101
00000000
00000000
00000000
00011000
00000010
00000001
00000000
00000110
00000000
00000000
00000000
11011000
00000001
00000001
00000000
00001010
00000000
00000000
00000000
00111100
00000000
00000000
00000000
00001011
00000000
00000000
00000000
00010000
00000000
00000000
00000000
00010101
00000000
00000000
00000000
00000000
00000000
00000000
00000000
00000011
00000000
00000000
00000000
00000000
00010000
00000010
00000000
00000010
00000000
00000000
00000000
00011000
00000000
00000000
00000000
00010100
00000000
00000000
00000000
00010001
00000000
00000000
00000000
00010111
00000000
00000000
00000000
10000100
00000010
00000001
00000000
00010001
00000000
00000000
00000000
01111100
00000010
00000001
00000000
00010010
00000000
00000000
00000000
00001000
00000000
00000000
00000000
00010011
00000000
00000000
00000000
00001000
00000000
00000000
00000000
11111110
11111111
11111111
01101111
01011100
00000010
00000001
00000000
11111111
11111111
11111111
01101111
00000001
00000000
00000000
00000000
11110000
11111111
11111111
01101111
01010100
00000010
00000001
00000000
00000000
00000000
00000000
00000000
00000000
00000000
00000000
00000000
00000000
00000000
00000000
00000000
00000000
00000000
00000000
00000000
00000000
00000000
00000000
00000000
00000000
00000000
00000000
00000000
00000000
00000000
00000000
00000000
00000000
00000000
00000000
00000000
00000000
00000000
00000000
00000000
00000000
00000000
00000000
00000000
00000000
00000000
00000000
00000000
00000000
00000000
00000000
00000000
00011000
00001111
00000010
00000000
00000000
00000000
00000000
00000000
00000000
00000000
00000000
00000000
10101000
00000010
00000001
00000000
10101000
00000010
00000001
00000000
10101000
00000010
00000001
00000000
00000000
00000000
00000000
00000000
00000000
00000000
00000000
00000000
00000000
00000000
00000000
00000000
01000111
01000011
01000011
00111010
00100000
00101000
01010010
01100001
01110011
01110000
01100010
01101001
01100001
01101110
00100000
00111000
00101110
00110011
00101110
00110000
00101101
00110110
00101011
01110010
01110000
01101001
00110001
00101001
00100000
00111000
00101110
00110011
00101110
00110000
00000000
01000001
00101100
00000000
00000000
00000000
01100001
01100101
01100001
01100010
01101001
00000000
00000001
00100010
00000000
00000000
00000000
00000101
00110110
00000000
00000110
00000110
00001000
00000001
00001001
00000001
00001010
00000010
00010010
00000100
00010011
00000001
00010100
00000001
00010101
00000001
00010111
00000011
00011000
00000001
00011010
00000010
00011100
00000001
00100010
00000001
00000000
00000000
00000000
00000000
00000000
00000000
00000000
00000000
00000000
00000000
00000000
00000000
00000000
00000000
00000000
00000000
00000000
00000000
00000000
00000000
01010100
00000001
00000001
00000000
00000000
00000000
00000000
00000000
00000011
00000000
00000001
00000000
00000000
00000000
00000000
00000000
01110000
00000001
00000001
00000000
00000000
00000000
00000000
00000000
00000011
00000000
00000010
00000000
00000000
00000000
00000000
00000000
10010000
00000001
00000001
00000000
00000000
00000000
00000000
00000000
00000011
00000000
00000011
00000000
00000000
00000000
00000000
00000000
10110100
00000001
00000001
00000000
00000000
00000000
00000000
00000000
00000011
00000000
00000100
00000000
00000000
00000000
00000000
00000000
11011000
00000001
00000001
00000000
00000000
00000000
00000000
00000000
00000011
00000000
00000101
00000000
00000000
00000000
00000000
00000000
00011000
00000010
00000001
00000000
00000000
00000000
00000000
00000000
00000011
00000000
00000110
00000000
00000000
00000000
00000000
00000000
01010100
00000010
00000001
00000000
00000000
00000000
00000000
00000000
00000011
00000000
00000111
00000000
00000000
00000000
00000000
00000000
01011100
00000010
00000001
00000000
00000000
00000000
00000000
00000000
00000011
00000000
00001000
00000000
00000000
00000000
00000000
00000000
01111100
00000010
00000001
00000000
00000000
00000000
00000000
00000000
00000011
00000000
00001001
00000000
00000000
00000000
00000000
00000000
10000100
00000010
00000001
00000000
00000000
00000000
00000000
00000000
00000011
00000000
00001010
00000000
00000000
00000000
00000000
00000000
10011100
00000010
00000001
00000000
00000000
00000000
00000000
00000000
00000011
00000000
00001011
00000000
00000000
00000000
00000000
00000000
10101000
00000010
00000001
00000000
00000000
00000000
00000000
00000000
00000011
00000000
00001100
00000000
00000000
00000000
00000000
00000000
11100000
00000010
00000001
00000000
00000000
00000000
00000000
00000000
00000011
00000000
00001101
00000000
00000000
00000000
00000000
00000000
00111100
00000100
00000001
00000000
00000000
00000000
00000000
00000000
00000011
00000000
00001110
00000000
00000000
00000000
00000000
00000000
01000100
00000100
00000001
00000000
00000000
00000000
00000000
00000000
00000011
00000000
00001111
00000000
00000000
00000000
00000000
00000000
01001000
00000100
00000001
00000000
00000000
00000000
00000000
00000000
00000011
00000000
00010000
00000000
00000000
00000000
00000000
00000000
01010000
00000100
00000001
00000000
00000000
00000000
00000000
00000000
00000011
00000000
00010001
00000000
00000000
00000000
00000000
00000000
00010000
00001111
00000010
00000000
00000000
00000000
00000000
00000000
00000011
00000000
00010010
00000000
00000000
00000000
00000000
00000000
00010100
00001111
00000010
00000000
00000000
00000000
00000000
00000000
00000011
00000000
00010011
00000000
00000000
00000000
00000000
00000000
00011000
00001111
00000010
00000000
00000000
00000000
00000000
00000000
00000011
00000000
00010100
00000000
00000000
00000000
00000000
00000000
00000000
00010000
00000010
00000000
00000000
00000000
00000000
00000000
00000011
00000000
00010101
00000000
00000000
00000000
00000000
00000000
00011100
00010000
00000010
00000000
00000000
00000000
00000000
00000000
00000011
00000000
00010110
00000000
00000000
00000000
00000000
00000000
00100100
00010000
00000010
00000000
00000000
00000000
00000000
00000000
00000011
00000000
00010111
00000000
00000000
00000000
00000000
00000000
00000000
00000000
00000000
00000000
00000000
00000000
00000000
00000000
00000011
00000000
00011000
00000000
00000000
00000000
00000000
00000000
00000000
00000000
00000000
00000000
00000000
00000000
00000000
00000000
00000011
00000000
00011001
00000000
00000001
00000000
00000000
00000000
00000000
00000000
00000000
00000000
00000000
00000000
00000000
00000000
00000100
00000000
11110001
11111111
01001000
00000000
00000000
00000000
01110000
00000001
00000001
00000000
00000000
00000000
00000000
00000000
00000000
00000000
00000010
00000000
01001011
00000000
00000000
00000000
11100000
00000010
00000001
00000000
00000000
00000000
00000000
00000000
00000000
00000000
00001101
00000000
01001000
00000000
00000000
00000000
01001000
00000100
00000001
00000000
00000000
00000000
00000000
00000000
00000000
00000000
00010000
00000000
01001000
00000000
00000000
00000000
00010000
00000011
00000001
00000000
00000000
00000000
00000000
00000000
00000000
00000000
00001101
00000000
01001000
00000000
00000000
00000000
01000100
00000100
00000001
00000000
00000000
00000000
00000000
00000000
00000000
00000000
00001111
00000000
01001000
00000000
00000000
00000000
00011100
00010000
00000010
00000000
00000000
00000000
00000000
00000000
00000000
00000000
00010110
00000000
01001110
00000000
00000000
00000000
00000000
00000000
00000000
00000000
00000000
00000000
00000000
00000000
00000100
00000000
11110001
11111111
01001011
00000000
00000000
00000000
00011100
00000011
00000001
00000000
00000000
00000000
00000000
00000000
00000000
00000000
00001101
00000000
10010101
00000000
00000000
00000000
00011100
00000011
00000001
00000000
00000000
00000000
00000000
00000000
00000010
00000000
00001101
00000000
01001000
00000000
00000000
00000000
00111000
00000011
00000001
00000000
00000000
00000000
00000000
00000000
00000000
00000000
00001101
00000000
01001011
00000000
00000000
00000000
10011100
00000010
00000001
00000000
00000000
00000000
00000000
00000000
00000000
00000000
00001011
00000000
01001011
00000000
00000000
00000000
00111100
00000100
00000001
00000000
00000000
00000000
00000000
00000000
00000000
00000000
00001110
00000000
10100010
00000000
00000000
00000000
00000000
00000000
00000000
00000000
00000000
00000000
00000000
00000000
00000100
00000000
11110001
11111111
01001011
00000000
00000000
00000000
10100100
00000010
00000001
00000000
00000000
00000000
00000000
00000000
00000000
00000000
00001011
00000000
01001011
00000000
00000000
00000000
01000000
00000100
00000001
00000000
00000000
00000000
00000000
00000000
00000000
00000000
00001110
00000000
11101001
00000000
00000000
00000000
00000000
00000000
00000000
00000000
00000000
00000000
00000000
00000000
00000100
00000000
11110001
11111111
01001011
00000000
00000000
00000000
01000000
00000011
00000001
00000000
00000000
00000000
00000000
00000000
00000000
00000000
00001101
00000000
11110100
00000000
00000000
00000000
01000000
00000011
00000001
00000000
00000000
00000000
00000000
00000000
00000010
00000000
00001101
00000000
01001000
00000000
00000000
00000000
01100000
00000011
00000001
00000000
00000000
00000000
00000000
00000000
00000000
00000000
00001101
00000000
01001011
00000000
00000000
00000000
01101100
00000011
00000001
00000000
00000000
00000000
00000000
00000000
00000000
00000000
00001101
00000000
11110110
00000000
00000000
00000000
01101100
00000011
00000001
00000000
00000000
00000000
00000000
00000000
00000010
00000000
00001101
00000000
01001000
00000000
00000000
00000000
10011000
00000011
00000001
00000000
00000000
00000000
00000000
00000000
00000000
00000000
00001101
00000000
01001000
00000000
00000000
00000000
00100000
00010000
00000010
00000000
00000000
00000000
00000000
00000000
00000000
00000000
00010110
00000000
01001011
00000000
00000000
00000000
10100100
00000011
00000001
00000000
00000000
00000000
00000000
00000000
00000000
00000000
00001101
00000000
00001001
00000001
00000000
00000000
10100100
00000011
00000001
00000000
00000000
00000000
00000000
00000000
00000010
00000000
00001101
00000000
01001000
00000000
00000000
00000000
11001000
00000011
00000001
00000000
00000000
00000000
00000000
00000000
00000000
00000000
00001101
00000000
00011111
00000001
00000000
00000000
00100100
00010000
00000010
00000000
00000001
00000000
00000000
00000000
00000001
00000000
00010111
00000000
01001000
00000000
00000000
00000000
00010100
00001111
00000010
00000000
00000000
00000000
00000000
00000000
00000000
00000000
00010011
00000000
00101111
00000001
00000000
00000000
00010100
00001111
00000010
00000000
00000000
00000000
00000000
00000000
00000001
00000000
00010011
00000000
01001011
00000000
00000000
00000000
11001100
00000011
00000001
00000000
00000000
00000000
00000000
00000000
00000000
00000000
00001101
00000000
01010110
00000001
00000000
00000000
11001100
00000011
00000001
00000000
00000000
00000000
00000000
00000000
00000010
00000000
00001101
00000000
01001000
00000000
00000000
00000000
00010000
00001111
00000010
00000000
00000000
00000000
00000000
00000000
00000000
00000000
00010010
00000000
01100010
00000001
00000000
00000000
00010000
00001111
00000010
00000000
00000000
00000000
00000000
00000000
00000001
00000000
00010010
00000000
01001000
00000000
00000000
00000000
00100100
00010000
00000010
00000000
00000000
00000000
00000000
00000000
00000000
00000000
00010111
00000000
10000001
00000001
00000000
00000000
00000000
00000000
00000000
00000000
00000000
00000000
00000000
00000000
00000100
00000000
11110001
11111111
01001011
00000000
00000000
00000000
11010000
00000011
00000001
00000000
00000000
00000000
00000000
00000000
00000000
00000000
00001101
00000000
10001000
00000001
00000000
00000000
00000000
00000000
00000000
00000000
00000000
00000000
00000000
00000000
00000100
00000000
11110001
11111111
01001011
00000000
00000000
00000000
11011000
00000011
00000001
00000000
00000000
00000000
00000000
00000000
00000000
00000000
00001101
00000000
01001000
00000000
00000000
00000000
00110000
00000100
00000001
00000000
00000000
00000000
00000000
00000000
00000000
00000000
00001101
00000000
01001011
00000000
00000000
00000000
00111000
00000100
00000001
00000000
00000000
00000000
00000000
00000000
00000000
00000000
00001101
00000000
11101001
00000000
00000000
00000000
00000000
00000000
00000000
00000000
00000000
00000000
00000000
00000000
00000100
00000000
11110001
11111111
01001000
00000000
00000000
00000000
01010000
00000100
00000001
00000000
00000000
00000000
00000000
00000000
00000000
00000000
00010001
00000000
10010100
00000001
00000000
00000000
01010000
00000100
00000001
00000000
00000000
00000000
00000000
00000000
00000001
00000000
00010001
00000000
00000000
00000000
00000000
00000000
00000000
00000000
00000000
00000000
00000000
00000000
00000000
00000000
00000100
00000000
11110001
11111111
10100010
00000001
00000000
00000000
00010100
00001111
00000010
00000000
00000000
00000000
00000000
00000000
00000000
00000000
00010010
00000000
10110011
00000001
00000000
00000000
00011000
00001111
00000010
00000000
00000000
00000000
00000000
00000000
00000001
00000000
00010100
00000000
10111100
00000001
00000000
00000000
00010000
00001111
00000010
00000000
00000000
00000000
00000000
00000000
00000000
00000000
00010010
00000000
11001111
00000001
00000000
00000000
00000000
00010000
00000010
00000000
00000000
00000000
00000000
00000000
00000001
00000000
00010101
00000000
01001011
00000000
00000000
00000000
10101000
00000010
00000001
00000000
00000000
00000000
00000000
00000000
00000000
00000000
00001100
00000000
01001000
00000000
00000000
00000000
10111000
00000010
00000001
00000000
00000000
00000000
00000000
00000000
00000000
00000000
00001100
00000000
01001011
00000000
00000000
00000000
10111100
00000010
00000001
00000000
00000000
00000000
00000000
00000000
00000000
00000000
00001100
00000000
11100101
00000001
00000000
00000000
00111000
00000100
00000001
00000000
00000100
00000000
00000000
00000000
00010010
00000000
00001101
00000000
00011000
00000010
00000000
00000000
00011100
00010000
00000010
00000000
00000000
00000000
00000000
00000000
00100000
00000000
00010110
00000000
11110101
00000001
00000000
00000000
00100100
00010000
00000010
00000000
00000000
00000000
00000000
00000000
00010000
00000000
00010111
00000000
00001011
00000010
00000000
00000000
00101000
00010000
00000010
00000000
00000000
00000000
00000000
00000000
00010000
00000000
00010111
00000000
00000011
00000010
00000000
00000000
00100100
00010000
00000010
00000000
00000000
00000000
00000000
00000000
00010000
00000000
00010110
00000000
11101111
00000001
00000000
00000000
00111100
00000100
00000001
00000000
00000000
00000000
00000000
00000000
00010010
00000010
00001110
00000000
00001010
00000010
00000000
00000000
00101000
00010000
00000010
00000000
00000000
00000000
00000000
00000000
00010000
00000000
00010111
00000000
00010110
00000010
00000000
00000000
00011100
00010000
00000010
00000000
00000000
00000000
00000000
00000000
00010000
00000000
00010110
00000000
00100011
00000010
00000000
00000000
00000000
00000000
00000000
00000000
00000000
00000000
00000000
00000000
00010010
00000000
00000000
00000000
01000000
00000010
00000000
00000000
00000000
00000000
00000000
00000000
00000000
00000000
00000000
00000000
00100000
00000000
00000000
00000000
01001111
00000010
00000000
00000000
00100000
00010000
00000010
00000000
00000000
00000000
00000000
00000000
00010001
00000010
00010110
00000000
01011100
00000010
00000000
00000000
01000100
00000100
00000001
00000000
00000100
00000000
00000000
00000000
00010001
00000000
00001111
00000000
01101011
00000010
00000000
00000000
11011000
00000011
00000001
00000000
01100000
00000000
00000000
00000000
00010010
00000000
00001101
00000000
10101110
00000001
00000000
00000000
00101000
00010000
00000010
00000000
00000000
00000000
00000000
00000000
00010000
00000000
00010111
00000000
00011100
00000010
00000000
00000000
11100000
00000010
00000001
00000000
00000000
00000000
00000000
00000000
00010010
00000000
00001101
00000000
01111011
00000010
00000000
00000000
00101000
00010000
00000010
00000000
00000000
00000000
00000000
00000000
00010000
00000000
00010111
00000000
10000011
00000010
00000000
00000000
00100100
00010000
00000010
00000000
00000000
00000000
00000000
00000000
00010000
00000000
00010111
00000000
10001111
00000010
00000000
00000000
11010000
00000011
00000001
00000000
00000000
00000000
00000000
00000000
00010000
00000000
00001101
00000000
10010100
00000010
00000000
00000000
00100100
00010000
00000010
00000000
00000000
00000000
00000000
00000000
00010001
00000010
00010110
00000000
10100000
00000010
00000000
00000000
00000000
00000000
00000000
00000000
00000000
00000000
00000000
00000000
00010010
00000000
00000000
00000000
01110101
00000010
00000000
00000000
10011100
00000010
00000001
00000000
00000000
00000000
00000000
00000000
00010010
00000010
00001011
00000000
00000000
00101111
01110101
01110011
01110010
00101111
01101100
01101001
01100010
00101111
01100111
01100011
01100011
00101111
01100001
01110010
01101101
00101101
01101100
01101001
01101110
01110101
01111000
00101101
01100111
01101110
01110101
01100101
01100001
01100010
01101001
01101000
01100110
00101111
00111000
00101111
00101110
00101110
00101111
00101110
00101110
00101111
00101110
00101110
00101111
01100001
01110010
01101101
00101101
01101100
01101001
01101110
01110101
01111000
00101101
01100111
01101110
01110101
01100101
01100001
01100010
01101001
01101000
01100110
00101111
01100011
01110010
01110100
00110001
00101110
01101111
00000000
00100100
01100100
00000000
00100100
01100001
00000000
00101111
01110101
01110011
01110010
00101111
01101100
01101001
01100010
00101111
01100111
01100011
01100011
00101111
01100001
01110010
01101101
00101101
01101100
01101001
01101110
01110101
01111000
00101101
01100111
01101110
01110101
01100101
01100001
01100010
01101001
01101000
01100110
00101111
00111000
00101111
00101110
00101110
00101111
00101110
00101110
00101111
00101110
00101110
00101111
01100001
01110010
01101101
00101101
01101100
01101001
01101110
01110101
01111000
00101101
01100111
01101110
01110101
01100101
01100001
01100010
01101001
01101000
01100110
00101111
01100011
01110010
01110100
01101001
00101110
01101111
00000000
01100011
01100001
01101100
01101100
01011111
01110111
01100101
01100001
01101011
01011111
01100110
01101110
00000000
00101111
01110101
01110011
01110010
00101111
01101100
01101001
01100010
00101111
01100111
01100011
01100011
00101111
01100001
01110010
01101101
00101101
01101100
01101001
01101110
01110101
01111000
00101101
01100111
01101110
01110101
01100101
01100001
01100010
01101001
01101000
01100110
00101111
00111000
00101111
00101110
00101110
00101111
00101110
00101110
00101111
00101110
00101110
00101111
01100001
01110010
01101101
00101101
01101100
01101001
01101110
01110101
01111000
00101101
01100111
01101110
01110101
01100101
01100001
01100010
01101001
01101000
01100110
00101111
01100011
01110010
01110100
01101110
00101110
01101111
00000000
01100011
01110010
01110100
01110011
01110100
01110101
01100110
01100110
00101110
01100011
00000000
01100100
01100101
01110010
01100101
01100111
01101001
01110011
01110100
01100101
01110010
01011111
01110100
01101101
01011111
01100011
01101100
01101111
01101110
01100101
01110011
00000000
01011111
01011111
01100100
01101111
01011111
01100111
01101100
01101111
01100010
01100001
01101100
01011111
01100100
01110100
01101111
01110010
01110011
01011111
01100001
01110101
01111000
00000000
01100011
01101111
01101101
01110000
01101100
01100101
01110100
01100101
01100100
00101110
00110001
00110000
00110111
00111000
00110011
00000000
01011111
01011111
01100100
01101111
01011111
01100111
01101100
01101111
01100010
01100001
01101100
01011111
01100100
01110100
01101111
01110010
01110011
01011111
01100001
01110101
01111000
01011111
01100110
01101001
01101110
01101001
01011111
01100001
01110010
01110010
01100001
01111001
01011111
01100101
01101110
01110100
01110010
01111001
00000000
01100110
01110010
01100001
01101101
01100101
01011111
01100100
01110101
01101101
01101101
01111001
00000000
01011111
01011111
01100110
01110010
01100001
01101101
01100101
01011111
01100100
01110101
01101101
01101101
01111001
01011111
01101001
01101110
01101001
01110100
01011111
01100001
01110010
01110010
01100001
01111001
01011111
01100101
01101110
01110100
01110010
01111001
00000000
01110100
01100101
01110011
01110100
00101110
01101111
00000000
01100101
01101100
01100110
00101101
01101001
01101110
01101001
01110100
00101110
01101111
01010011
00000000
01011111
01011111
01000110
01010010
01000001
01001101
01000101
01011111
01000101
01001110
01000100
01011111
01011111
00000000
01011111
01011111
01101001
01101110
01101001
01110100
01011111
01100001
01110010
01110010
01100001
01111001
01011111
01100101
01101110
01100100
00000000
01011111
01000100
01011001
01001110
01000001
01001101
01001001
01000011
00000000
01011111
01011111
01101001
01101110
01101001
01110100
01011111
01100001
01110010
01110010
01100001
01111001
01011111
01110011
01110100
01100001
01110010
01110100
00000000
01011111
01000111
01001100
01001111
01000010
01000001
01001100
01011111
01001111
01000110
01000110
01010011
01000101
01010100
01011111
01010100
01000001
01000010
01001100
01000101
01011111
00000000
01011111
01011111
01101100
01101001
01100010
01100011
01011111
01100011
01110011
01110101
01011111
01100110
01101001
01101110
01101001
00000000
01011111
01011111
01100010
01110011
01110011
01011111
01110011
01110100
01100001
01110010
01110100
01011111
01011111
00000000
01011111
01100101
01100100
01100001
01110100
01100001
00000000
01011111
01011111
01100010
01110011
01110011
01011111
01100101
01101110
01100100
01011111
01011111
00000000
01011111
01011111
01100100
01100001
01110100
01100001
01011111
01110011
01110100
01100001
01110010
01110100
00000000
01011111
01011111
01101100
01101001
01100010
01100011
01011111
01110011
01110100
01100001
01110010
01110100
01011111
01101101
01100001
01101001
01101110
01000000
01000000
01000111
01001100
01001001
01000010
01000011
01011111
00110010
00101110
00110100
00000000
01011111
01011111
01100111
01101101
01101111
01101110
01011111
01110011
01110100
01100001
01110010
01110100
01011111
01011111
00000000
01011111
01011111
01100100
01110011
01101111
01011111
01101000
01100001
01101110
01100100
01101100
01100101
00000000
01011111
01001001
01001111
01011111
01110011
01110100
01100100
01101001
01101110
01011111
01110101
01110011
01100101
01100100
00000000
01011111
01011111
01101100
01101001
01100010
01100011
01011111
01100011
01110011
01110101
01011111
01101001
01101110
01101001
01110100
00000000
01011111
01011111
01100101
01101110
01100100
01011111
01011111
00000000
01011111
01011111
01100010
01110011
01110011
01011111
01110011
01110100
01100001
01110010
01110100
00000000
01101101
01100001
01101001
01101110
00000000
01011111
01011111
01010100
01001101
01000011
01011111
01000101
01001110
01000100
01011111
01011111
00000000
01100001
01100010
01101111
01110010
01110100
01000000
01000000
01000111
01001100
01001001
01000010
01000011
01011111
00110010
00101110
00110100
00000000
00000000
00101110
01110011
01111001
01101101
01110100
01100001
01100010
00000000
00101110
01110011
01110100
01110010
01110100
01100001
01100010
00000000
00101110
01110011
01101000
01110011
01110100
01110010
01110100
01100001
01100010
00000000
00101110
01101001
01101110
01110100
01100101
01110010
01110000
00000000
00101110
01101110
01101111
01110100
01100101
00101110
01000001
01000010
01001001
00101101
01110100
01100001
01100111
00000000
00101110
01101110
01101111
01110100
01100101
00101110
01100111
01101110
01110101
00101110
01100010
01110101
01101001
01101100
01100100
00101101
01101001
01100100
00000000
00101110
01100111
01101110
01110101
00101110
01101000
01100001
01110011
01101000
00000000
00101110
01100100
01111001
01101110
01110011
01111001
01101101
00000000
00101110
01100100
01111001
01101110
01110011
01110100
01110010
00000000
00101110
01100111
01101110
01110101
00101110
01110110
01100101
01110010
01110011
01101001
01101111
01101110
00000000
00101110
01100111
01101110
01110101
00101110
01110110
01100101
01110010
01110011
01101001
01101111
01101110
01011111
01110010
00000000
00101110
01110010
01100101
01101100
00101110
01100100
01111001
01101110
00000000
00101110
01110010
01100101
01101100
00101110
01110000
01101100
01110100
00000000
00101110
01101001
01101110
01101001
01110100
00000000
00101110
01110100
01100101
01111000
01110100
00000000
00101110
01100110
01101001
01101110
01101001
00000000
00101110
01110010
01101111
01100100
01100001
01110100
01100001
00000000
00101110
01000001
01010010
01001101
00101110
01100101
01111000
01101001
01100100
01111000
00000000
00101110
01100101
01101000
01011111
01100110
01110010
01100001
01101101
01100101
00000000
00101110
01101001
01101110
01101001
01110100
01011111
01100001
01110010
01110010
01100001
01111001
00000000
00101110
01100110
01101001
01101110
01101001
01011111
01100001
01110010
01110010
01100001
01111001
00000000
00101110
01100100
01111001
01101110
01100001
01101101
01101001
01100011
00000000
00101110
01100111
01101111
01110100
00000000
00101110
01100100
01100001
01110100
01100001
00000000
00101110
01100010
01110011
01110011
00000000
00101110
01100011
01101111
01101101
01101101
01100101
01101110
01110100
00000000
00101110
01000001
01010010
01001101
00101110
01100001
01110100
01110100
01110010
01101001
01100010
01110101
01110100
01100101
01110011
00000000
00000000
00000000
00000000
00000000
00000000
00000000
00000000
00000000
00000000
00000000
00000000
00000000
00000000
00000000
00000000
00000000
00000000
00000000
00000000
00000000
00000000
00000000
00000000
00000000
00000000
00000000
00000000
00000000
00000000
00000000
00000000
00000000
00000000
00000000
00000000
00000000
00000000
00000000
00000000
00000000
00000000
00000000
00011011
00000000
00000000
00000000
00000001
00000000
00000000
00000000
00000010
00000000
00000000
00000000
01010100
00000001
00000001
00000000
01010100
00000001
00000000
00000000
00011001
00000000
00000000
00000000
00000000
00000000
00000000
00000000
00000000
00000000
00000000
00000000
00000001
00000000
00000000
00000000
00000000
00000000
00000000
00000000
00100011
00000000
00000000
00000000
00000111
00000000
00000000
00000000
00000010
00000000
00000000
00000000
01110000
00000001
00000001
00000000
01110000
00000001
00000000
00000000
00100000
00000000
00000000
00000000
00000000
00000000
00000000
00000000
00000000
00000000
00000000
00000000
00000100
00000000
00000000
00000000
00000000
00000000
00000000
00000000
00110001
00000000
00000000
00000000
00000111
00000000
00000000
00000000
00000010
00000000
00000000
00000000
10010000
00000001
00000001
00000000
10010000
00000001
00000000
00000000
00100100
00000000
00000000
00000000
00000000
00000000
00000000
00000000
00000000
00000000
00000000
00000000
00000100
00000000
00000000
00000000
00000000
00000000
00000000
00000000
01000100
00000000
00000000
00000000
11110110
11111111
11111111
01101111
00000010
00000000
00000000
00000000
10110100
00000001
00000001
00000000
10110100
00000001
00000000
00000000
00100100
00000000
00000000
00000000
00000101
00000000
00000000
00000000
00000000
00000000
00000000
00000000
00000100
00000000
00000000
00000000
00000100
00000000
00000000
00000000
01001110
00000000
00000000
00000000
00001011
00000000
00000000
00000000
00000010
00000000
00000000
00000000
11011000
00000001
00000001
00000000
11011000
00000001
00000000
00000000
01000000
00000000
00000000
00000000
00000110
00000000
00000000
00000000
00000001
00000000
00000000
00000000
00000100
00000000
00000000
00000000
00010000
00000000
00000000
00000000
01010110
00000000
00000000
00000000
00000011
00000000
00000000
00000000
00000010
00000000
00000000
00000000
00011000
00000010
00000001
00000000
00011000
00000010
00000000
00000000
00111100
00000000
00000000
00000000
00000000
00000000
00000000
00000000
00000000
00000000
00000000
00000000
00000001
00000000
00000000
00000000
00000000
00000000
00000000
00000000
01011110
00000000
00000000
00000000
11111111
11111111
11111111
01101111
00000010
00000000
00000000
00000000
01010100
00000010
00000001
00000000
01010100
00000010
00000000
00000000
00001000
00000000
00000000
00000000
00000101
00000000
00000000
00000000
00000000
00000000
00000000
00000000
00000010
00000000
00000000
00000000
00000010
00000000
00000000
00000000
01101011
00000000
00000000
00000000
11111110
11111111
11111111
01101111
00000010
00000000
00000000
00000000
01011100
00000010
00000001
00000000
01011100
00000010
00000000
00000000
00100000
00000000
00000000
00000000
00000110
00000000
00000000
00000000
00000001
00000000
00000000
00000000
00000100
00000000
00000000
00000000
00000000
00000000
00000000
00000000
01111010
00000000
00000000
00000000
00001001
00000000
00000000
00000000
00000010
00000000
00000000
00000000
01111100
00000010
00000001
00000000
01111100
00000010
00000000
00000000
00001000
00000000
00000000
00000000
00000101
00000000
00000000
00000000
00000000
00000000
00000000
00000000
00000100
00000000
00000000
00000000
00001000
00000000
00000000
00000000
10000011
00000000
00000000
00000000
00001001
00000000
00000000
00000000
01000010
00000000
00000000
00000000
10000100
00000010
00000001
00000000
10000100
00000010
00000000
00000000
00011000
00000000
00000000
00000000
00000101
00000000
00000000
00000000
00010101
00000000
00000000
00000000
00000100
00000000
00000000
00000000
00001000
00000000
00000000
00000000
10001100
00000000
00000000
00000000
00000001
00000000
00000000
00000000
00000110
00000000
00000000
00000000
10011100
00000010
00000001
00000000
10011100
00000010
00000000
00000000
00001100
00000000
00000000
00000000
00000000
00000000
00000000
00000000
00000000
00000000
00000000
00000000
00000100
00000000
00000000
00000000
00000000
00000000
00000000
00000000
10000111
00000000
00000000
00000000
00000001
00000000
00000000
00000000
00000110
00000000
00000000
00000000
10101000
00000010
00000001
00000000
10101000
00000010
00000000
00000000
00111000
00000000
00000000
00000000
00000000
00000000
00000000
00000000
00000000
00000000
00000000
00000000
00000100
00000000
00000000
00000000
00000100
00000000
00000000
00000000
10010010
00000000
00000000
00000000
00000001
00000000
00000000
00000000
00000110
00000000
00000000
00000000
11100000
00000010
00000001
00000000
11100000
00000010
00000000
00000000
01011100
00000001
00000000
00000000
00000000
00000000
00000000
00000000
00000000
00000000
00000000
00000000
00000100
00000000
00000000
00000000
00000000
00000000
00000000
00000000
10011000
00000000
00000000
00000000
00000001
00000000
00000000
00000000
00000110
00000000
00000000
00000000
00111100
00000100
00000001
00000000
00111100
00000100
00000000
00000000
00001000
00000000
00000000
00000000
00000000
00000000
00000000
00000000
00000000
00000000
00000000
00000000
00000100
00000000
00000000
00000000
00000000
00000000
00000000
00000000
10011110
00000000
00000000
00000000
00000001
00000000
00000000
00000000
00010010
00000000
00000000
00000000
01000100
00000100
00000001
00000000
01000100
00000100
00000000
00000000
00000100
00000000
00000000
00000000
00000000
00000000
00000000
00000000
00000000
00000000
00000000
00000000
00000100
00000000
00000000
00000000
00000100
00000000
00000000
00000000
10100110
00000000
00000000
00000000
00000001
00000000
00000000
01110000
10000010
00000000
00000000
00000000
01001000
00000100
00000001
00000000
01001000
00000100
00000000
00000000
00001000
00000000
00000000
00000000
00001101
00000000
00000000
00000000
00000000
00000000
00000000
00000000
00000100
00000000
00000000
00000000
00000000
00000000
00000000
00000000
10110001
00000000
00000000
00000000
00000001
00000000
00000000
00000000
00000010
00000000
00000000
00000000
01010000
00000100
00000001
00000000
01010000
00000100
00000000
00000000
00000100
00000000
00000000
00000000
00000000
00000000
00000000
00000000
00000000
00000000
00000000
00000000
00000100
00000000
00000000
00000000
00000000
00000000
00000000
00000000
10111011
00000000
00000000
00000000
00001110
00000000
00000000
00000000
00000011
00000000
00000000
00000000
00010000
00001111
00000010
00000000
00010000
00001111
00000000
00000000
00000100
00000000
00000000
00000000
00000000
00000000
00000000
00000000
00000000
00000000
00000000
00000000
00000100
00000000
00000000
00000000
00000100
00000000
00000000
00000000
11000111
00000000
00000000
00000000
00001111
00000000
00000000
00000000
00000011
00000000
00000000
00000000
00010100
00001111
00000010
00000000
00010100
00001111
00000000
00000000
00000100
00000000
00000000
00000000
00000000
00000000
00000000
00000000
00000000
00000000
00000000
00000000
00000100
00000000
00000000
00000000
00000100
00000000
00000000
00000000
11010011
00000000
00000000
00000000
00000110
00000000
00000000
00000000
00000011
00000000
00000000
00000000
00011000
00001111
00000010
00000000
00011000
00001111
00000000
00000000
11101000
00000000
00000000
00000000
00000110
00000000
00000000
00000000
00000000
00000000
00000000
00000000
00000100
00000000
00000000
00000000
00001000
00000000
00000000
00000000
11011100
00000000
00000000
00000000
00000001
00000000
00000000
00000000
00000011
00000000
00000000
00000000
00000000
00010000
00000010
00000000
00000000
00010000
00000000
00000000
00011100
00000000
00000000
00000000
00000000
00000000
00000000
00000000
00000000
00000000
00000000
00000000
00000100
00000000
00000000
00000000
00000100
00000000
00000000
00000000
11100001
00000000
00000000
00000000
00000001
00000000
00000000
00000000
00000011
00000000
00000000
00000000
00011100
00010000
00000010
00000000
00011100
00010000
00000000
00000000
00001000
00000000
00000000
00000000
00000000
00000000
00000000
00000000
00000000
00000000
00000000
00000000
00000100
00000000
00000000
00000000
00000000
00000000
00000000
00000000
11100111
00000000
00000000
00000000
00001000
00000000
00000000
00000000
00000011
00000000
00000000
00000000
00100100
00010000
00000010
00000000
00100100
00010000
00000000
00000000
00000100
00000000
00000000
00000000
00000000
00000000
00000000
00000000
00000000
00000000
00000000
00000000
00000001
00000000
00000000
00000000
00000000
00000000
00000000
00000000
11101100
00000000
00000000
00000000
00000001
00000000
00000000
00000000
00110000
00000000
00000000
00000000
00000000
00000000
00000000
00000000
00100100
00010000
00000000
00000000
00100011
00000000
00000000
00000000
00000000
00000000
00000000
00000000
00000000
00000000
00000000
00000000
00000001
00000000
00000000
00000000
00000001
00000000
00000000
00000000
11110101
00000000
00000000
00000000
00000011
00000000
00000000
01110000
00000000
00000000
00000000
00000000
00000000
00000000
00000000
00000000
01000111
00010000
00000000
00000000
00101101
00000000
00000000
00000000
00000000
00000000
00000000
00000000
00000000
00000000
00000000
00000000
00000001
00000000
00000000
00000000
00000000
00000000
00000000
00000000
00000001
00000000
00000000
00000000
00000010
00000000
00000000
00000000
00000000
00000000
00000000
00000000
00000000
00000000
00000000
00000000
01110100
00010000
00000000
00000000
00110000
00000110
00000000
00000000
00011011
00000000
00000000
00000000
01001110
00000000
00000000
00000000
00000100
00000000
00000000
00000000
00010000
00000000
00000000
00000000
00001001
00000000
00000000
00000000
00000011
00000000
00000000
00000000
00000000
00000000
00000000
00000000
00000000
00000000
00000000
00000000
10100100
00010110
00000000
00000000
10110001
00000010
00000000
00000000
00000000
00000000
00000000
00000000
00000000
00000000
00000000
00000000
00000001
00000000
00000000
00000000
00000000
00000000
00000000
00000000
00010001
00000000
00000000
00000000
00000011
00000000
00000000
00000000
00000000
00000000
00000000
00000000
00000000
00000000
00000000
00000000
01010101
00011001
00000000
00000000
00000101
00000001
00000000
00000000
00000000
00000000
00000000
00000000
00000000
00000000
00000000
00000000
00000001
00000000
00000000
00000000
00000000
00000000
00000000
00000000
