00000000000000010000000100000001
00000000000000000000000000000000
00000000000000000000000000000000
00000000001010000000000000000010
00000000000000000000000000000001
00000000000000010000001011100000
00000000000000000000000000110100
00000000000000000001101001011100
00000101000000000000010000000000
00000000001000000000000000110100
00000000001010000000000000001001
00000000000111000000000000011101
01110000000000000000000000000001
00000000000000000000010001001000
00000000000000010000010001001000
00000000000000010000010001001000
00000000000000000000000000001000
00000000000000000000000000001000
00000000000000000000000000000100
00000000000000000000000000000100
00000000000000000000000000000110
00000000000000000000000000110100
00000000000000010000000000110100
00000000000000010000000000110100
00000000000000000000000100100000
00000000000000000000000100100000
00000000000000000000000000000100
00000000000000000000000000000100
00000000000000000000000000000011
00000000000000000000000101010100
00000000000000010000000101010100
00000000000000010000000101010100
00000000000000000000000000011001
00000000000000000000000000011001
00000000000000000000000000000100
00000000000000000000000000000001
00000000000000000000000000000001
00000000000000000000000000000000
00000000000000010000000000000000
00000000000000010000000000000000
00000000000000000000010001010100
00000000000000000000010001010100
00000000000000000000000000000101
00000000000000010000000000000000
00000000000000000000000000000001
00000000000000000000111100010000
00000000000000100000111100010000
00000000000000100000111100010000
00000000000000000000000100010100
00000000000000000000000100011000
00000000000000000000000000000110
00000000000000010000000000000000
00000000000000000000000000000010
00000000000000000000111100011000
00000000000000100000111100011000
00000000000000100000111100011000
00000000000000000000000011101000
00000000000000000000000011101000
00000000000000000000000000000110
00000000000000000000000000000100
00000000000000000000000000000100
00000000000000000000000101110000
00000000000000010000000101110000
00000000000000010000000101110000
00000000000000000000000001000100
00000000000000000000000001000100
00000000000000000000000000000100
00000000000000000000000000000100
01100100011101001110010101010001
00000000000000000000000000000000
00000000000000000000000000000000
00000000000000000000000000000000
00000000000000000000000000000000
00000000000000000000000000000000
00000000000000000000000000000111
00000000000000000000000000010000
01100100011101001110010101010010
00000000000000000000111100010000
00000000000000100000111100010000
00000000000000100000111100010000
00000000000000000000000011110000
00000000000000000000000011110000
00000000000000000000000000000100
00000000000000000000000000000001
01100010011010010110110000101111
00101101011001000110110000101111
01110101011011100110100101101100
01110010011000010010110101111000
00101110011001100110100001101101
00110011001011100110111101110011
00000000000000000000000000000000
00000000000000000000000000000100
00000000000000000000000000010000
00000000000000000000000000000001
00000000010101010100111001000111
00000000000000000000000000000000
00000000000000000000000000000011
00000000000000000000000000000010
00000000000000000000000000000000
00000000000000000000000000000100
00000000000000000000000000010100
00000000000000000000000000000011
00000000010101010100111001000111
10010101110111100111001010010001
01010001011101011000100001110000
10111100111000000010111110101011
10110001111001000011100010001111
01001001100101010100111001111001
00000000000000000000000000000010
00000000000000000000000000000010
00000000000000000000000000000001
00000000000000000000000000000101
00100000000000100100100000000000
00000000000000000000000000000010
00000000000000000000000000000011
11110110001111010100111000101111
00001111000100011110110101111101
00000000000000000000000000000000
00000000000000000000000000000000
00000000000000000000000000000000
00000000000000000000000000000000
00000000000000000000000000101101
00000000000000000000000000000000
00000000000000000000000000000000
00000000000000000000000000100000
00000000000000000000000000010001
00000000000000000000000000000000
00000000000000000000000000000000
00000000000000000000000000010010
00000000000000000000000000001011
00000000000000000000000000000000
00000000000000000000000000000000
00000000000000000000000000010010
01100010011010010110110000000000
01101111011100110010111001100011
01100001000000000011011000101110
01110100011100100110111101100010
01101100010111110101111100000000
01011111011000110110001001101001
01110010011000010111010001110011
01100001011011010101111101110100
01000111000000000110111001101001
01000011010000100100100101001100
00110100001011100011001001011111
01100111010111110101111100000000
01011111011011100110111101101101
01110010011000010111010001110011
00000000010111110101111101110100
00000000000000000000000000000000
00000000000000100000000000000010
00000000000000010000000000000001
00000000000000000000000000000001
00000000000000000000000000010000
00000000000000000000000000000000
00001101011010010110100100010100
00000000000000100000000000000000
00000000000000000000000000100011
00000000000000000000000000000000
00000000000000100001000000011000
00000000000000000000000100010101
00000000000000100001000000001100
00000000000000000000001000010110
00000000000000100001000000010000
00000000000000000000000100010110
00000000000000100001000000010100
00000000000000000000001100010110
11101001001011010100000000001000
11101011000000000000000000011101
11101000101111011000000000001000
11100101001011011110000000000100
11100101100111111110000000000100
11100000100011111110000000001110
11100101101111101111000000001000
00000000000000010000110101001000
11100010100011111100011000000000
11100010100011001100101000010000
11100101101111001111110101001000
11100010100011111100011000000000
11100010100011001100101000010000
11100101101111001111110101000000
11100010100011111100011000000000
11100010100011001100101000010000
11100101101111001111110100111000
11100011101000001011000000000000
11100011101000001110000000000000
11100100100111010001000000000100
11100001101000000010000000001101
11100101001011010010000000000100
11100101001011010000000000000100
11100101100111111100000000010000
11100101001011011100000000000100
11100101100111110000000000001100
11100101100111110011000000001100
11101011111111111111111111101011
11101011111111111111111111110000
00000000000000010000010000111000
00000000000000010000001111010000
00000000000000010000001111011000
11100101100111110011000000010100
11100101100111110010000000010100
11100000100011110011000000000011
11100111100100110010000000000010
11100011010100100000000000000000
00000001001011111111111100011110
11101010111111111111111111100011
00000000000000010000110011010100
00000000000000000000000000011000
11100101100111110000000000011000
11100101100111110011000000011000
11100001010100110000000000000000
00000001001011111111111100011110
11100101100111110011000000010000
11100011010100110000000000000000
00000001001011111111111100011110
11100001001011111111111100010011
00000000000000100001000000100100
00000000000000100001000000100100
00000000000000000000000000000000
11100101100111110000000000100100
11100101100111110001000000100100
11100000010000010001000000000000
11100001101000000001000101000001
11100000100000010001111110100001
11100001101100000001000011000001
00000001001011111111111100011110
11100101100111110011000000010000
11100011010100110000000000000000
00000001001011111111111100011110
11100001001011111111111100010011
00000000000000100001000000100100
00000000000000100001000000100100
00000000000000000000000000000000
11101001001011010100000000010000
11100101100111110100000000011000
11100101110101000011000000000000
11100011010100110000000000000000
00011000101111011000000000010000
11101011111111111111111111100000
11100011101000000011000000000001
11100101110001000011000000000000
11101000101111011000000000010000
00000000000000100001000000100100
11101010111111111111111111100110
11100011101000000000000000000010
11100001001011111111111100011110
11101001001011010100011111110000
11100001101000000111000000000000
11100101100111110110000001001000
11100101100111110101000001001000
11100000100011110110000000000110
11100000100011110101000000000101
11100000010001100110000000000101
11100001101000001000000000000001
11100001101000001001000000000010
11101011111111111111111110100110
11100001101100000110000101000110
00001000101111011000011111110000
11100011101000000100000000000000
11100010100001000100000000000001
11100100100101010011000000000100
11100001101000000010000000001001
11100001101000000001000000001000
11100001101000000000000000000111
11100001001011111111111100110011
11100001010101100000000000000100
00011010111111111111111111110111
11101000101111011000011111110000
00000000000000010000101100100100
00000000000000010000101100011100
11100001001011111111111100011110
11101001001011010100000000001000
11101000101111011000000000001000
00000000000000100000000000000001
01111111111111111111111010011000
00000000000000000000000000000001
00000000000000000000000000000000
00000000000000000000000000000000
00000000000000000000000000000000
00000000000000000000000000000000
00000000000000000000000000000000
00000000000000000000000000000000
00000000000000000000000000000000
00000000000000000000000000000000
00000000000000000000000000000000
00000000000000000000000000000000
00000000000000000000000000000000
00000000000000000000000000000000
00000000000000000000000000000000
00000000000000000000000000000000
00000000000000000000000000000000
00000000000000000000000000000000
00000000000000000000000000000000
00000000000000000000000000000000
00000000000000000000000000000000
00000000000000000000000000000000
00000000000000000000000000000000
00000000000000000000000000000000
00000000000000000000000000000000
00000000000000000000000000000000
00000000000000000000000000000000
00000000000000000000000000000000
00000000000000000000000000000000
00000000000000000000000000000000
00000000000000000000000000000000
00000000000000000000000000000000
00000000000000000000000000000000
00000000000000000000000000000000
00000000000000000000000000000000
00000000000000000000000000000000
00000000000000000000000000000000
00000000000000000000000000000000
00000000000000000000000000000000
00000000000000000000000000000000
00000000000000000000000000000000
00000000000000000000000000000000
00000000000000000000000000000000
00000000000000000000000000000000
00000000000000000000000000000000
00000000000000000000000000000000
00000000000000000000000000000000
00000000000000000000000000000000
00000000000000000000000000000000
00000000000000000000000000000000
00000000000000000000000000000000
00000000000000000000000000000000
00000000000000000000000000000000
00000000000000000000000000000000
00000000000000000000000000000000
00000000000000000000000000000000
00000000000000000000000000000000
00000000000000000000000000000000
00000000000000000000000000000000
00000000000000000000000000000000
00000000000000000000000000000000
00000000000000000000000000000000
00000000000000000000000000000000
00000000000000000000000000000000
00000000000000000000000000000000
00000000000000000000000000000000
00000000000000000000000000000000
00000000000000000000000000000000
00000000000000000000000000000000
00000000000000000000000000000000
00000000000000000000000000000000
00000000000000000000000000000000
00000000000000000000000000000000
00000000000000000000000000000000
00000000000000000000000000000000
00000000000000000000000000000000
00000000000000000000000000000000
00000000000000000000000000000000
00000000000000000000000000000000
00000000000000000000000000000000
00000000000000000000000000000000
00000000000000000000000000000000
00000000000000000000000000000000
00000000000000000000000000000000
00000000000000000000000000000000
00000000000000000000000000000000
00000000000000000000000000000000
00000000000000000000000000000000
00000000000000000000000000000000
00000000000000000000000000000000
00000000000000000000000000000000
00000000000000000000000000000000
00000000000000000000000000000000
00000000000000000000000000000000
00000000000000000000000000000000
00000000000000000000000000000000
00000000000000000000000000000000
00000000000000000000000000000000
00000000000000000000000000000000
00000000000000000000000000000000
00000000000000000000000000000000
00000000000000000000000000000000
00000000000000000000000000000000
00000000000000000000000000000000
00000000000000000000000000000000
00000000000000000000000000000000
00000000000000000000000000000000
00000000000000000000000000000000
00000000000000000000000000000000
00000000000000000000000000000000
00000000000000000000000000000000
00000000000000000000000000000000
00000000000000000000000000000000
00000000000000000000000000000000
00000000000000000000000000000000
00000000000000000000000000000000
00000000000000000000000000000000
00000000000000000000000000000000
00000000000000000000000000000000
00000000000000000000000000000000
00000000000000000000000000000000
00000000000000000000000000000000
00000000000000000000000000000000
00000000000000000000000000000000
00000000000000000000000000000000
00000000000000000000000000000000
00000000000000000000000000000000
00000000000000000000000000000000
00000000000000000000000000000000
00000000000000000000000000000000
00000000000000000000000000000000
00000000000000000000000000000000
00000000000000000000000000000000
00000000000000000000000000000000
00000000000000000000000000000000
00000000000000000000000000000000
00000000000000000000000000000000
00000000000000000000000000000000
00000000000000000000000000000000
00000000000000000000000000000000
00000000000000000000000000000000
00000000000000000000000000000000
00000000000000000000000000000000
00000000000000000000000000000000
00000000000000000000000000000000
00000000000000000000000000000000
00000000000000000000000000000000
00000000000000000000000000000000
00000000000000000000000000000000
00000000000000000000000000000000
00000000000000000000000000000000
00000000000000000000000000000000
00000000000000000000000000000000
00000000000000000000000000000000
00000000000000000000000000000000
00000000000000000000000000000000
00000000000000000000000000000000
00000000000000000000000000000000
00000000000000000000000000000000
00000000000000000000000000000000
00000000000000000000000000000000
00000000000000000000000000000000
00000000000000000000000000000000
00000000000000000000000000000000
00000000000000000000000000000000
00000000000000000000000000000000
00000000000000000000000000000000
00000000000000000000000000000000
00000000000000000000000000000000
00000000000000000000000000000000
00000000000000000000000000000000
00000000000000000000000000000000
00000000000000000000000000000000
00000000000000000000000000000000
00000000000000000000000000000000
00000000000000000000000000000000
00000000000000000000000000000000
00000000000000000000000000000000
00000000000000000000000000000000
00000000000000000000000000000000
00000000000000000000000000000000
00000000000000000000000000000000
00000000000000000000000000000000
00000000000000000000000000000000
00000000000000000000000000000000
00000000000000000000000000000000
00000000000000000000000000000000
00000000000000000000000000000000
00000000000000000000000000000000
00000000000000000000000000000000
00000000000000000000000000000000
00000000000000000000000000000000
00000000000000000000000000000000
00000000000000000000000000000000
00000000000000000000000000000000
00000000000000000000000000000000
00000000000000000000000000000000
00000000000000000000000000000000
00000000000000000000000000000000
00000000000000000000000000000000
00000000000000000000000000000000
00000000000000000000000000000000
00000000000000000000000000000000
00000000000000000000000000000000
00000000000000000000000000000000
00000000000000000000000000000000
00000000000000000000000000000000
00000000000000000000000000000000
00000000000000000000000000000000
00000000000000000000000000000000
00000000000000000000000000000000
00000000000000000000000000000000
00000000000000000000000000000000
00000000000000000000000000000000
00000000000000000000000000000000
00000000000000000000000000000000
00000000000000000000000000000000
00000000000000000000000000000000
00000000000000000000000000000000
00000000000000000000000000000000
00000000000000000000000000000000
00000000000000000000000000000000
00000000000000000000000000000000
00000000000000000000000000000000
00000000000000000000000000000000
00000000000000000000000000000000
00000000000000000000000000000000
00000000000000000000000000000000
00000000000000000000000000000000
00000000000000000000000000000000
00000000000000000000000000000000
00000000000000000000000000000000
00000000000000000000000000000000
00000000000000000000000000000000
00000000000000000000000000000000
00000000000000000000000000000000
00000000000000000000000000000000
00000000000000000000000000000000
00000000000000000000000000000000
00000000000000000000000000000000
00000000000000000000000000000000
00000000000000000000000000000000
00000000000000000000000000000000
00000000000000000000000000000000
00000000000000000000000000000000
00000000000000000000000000000000
00000000000000000000000000000000
00000000000000000000000000000000
00000000000000000000000000000000
00000000000000000000000000000000
00000000000000000000000000000000
00000000000000000000000000000000
00000000000000000000000000000000
00000000000000000000000000000000
00000000000000000000000000000000
00000000000000000000000000000000
00000000000000000000000000000000
00000000000000000000000000000000
00000000000000000000000000000000
00000000000000000000000000000000
00000000000000000000000000000000
00000000000000000000000000000000
00000000000000000000000000000000
00000000000000000000000000000000
00000000000000000000000000000000
00000000000000000000000000000000
00000000000000000000000000000000
00000000000000000000000000000000
00000000000000000000000000000000
00000000000000000000000000000000
00000000000000000000000000000000
00000000000000000000000000000000
00000000000000000000000000000000
00000000000000000000000000000000
00000000000000000000000000000000
00000000000000000000000000000000
00000000000000000000000000000000
00000000000000000000000000000000
00000000000000000000000000000000
00000000000000000000000000000000
00000000000000000000000000000000
00000000000000000000000000000000
00000000000000000000000000000000
00000000000000000000000000000000
00000000000000000000000000000000
00000000000000000000000000000000
00000000000000000000000000000000
00000000000000000000000000000000
00000000000000000000000000000000
00000000000000000000000000000000
00000000000000000000000000000000
00000000000000000000000000000000
00000000000000000000000000000000
00000000000000000000000000000000
00000000000000000000000000000000
00000000000000000000000000000000
00000000000000000000000000000000
00000000000000000000000000000000
00000000000000000000000000000000
00000000000000000000000000000000
00000000000000000000000000000000
00000000000000000000000000000000
00000000000000000000000000000000
00000000000000000000000000000000
00000000000000000000000000000000
00000000000000000000000000000000
00000000000000000000000000000000
00000000000000000000000000000000
00000000000000000000000000000000
00000000000000000000000000000000
00000000000000000000000000000000
00000000000000000000000000000000
00000000000000000000000000000000
00000000000000000000000000000000
00000000000000000000000000000000
00000000000000000000000000000000
00000000000000000000000000000000
00000000000000000000000000000000
00000000000000000000000000000000
00000000000000000000000000000000
00000000000000000000000000000000
00000000000000000000000000000000
00000000000000000000000000000000
00000000000000000000000000000000
00000000000000000000000000000000
00000000000000000000000000000000
00000000000000000000000000000000
00000000000000000000000000000000
00000000000000000000000000000000
00000000000000000000000000000000
00000000000000000000000000000000
00000000000000000000000000000000
00000000000000000000000000000000
00000000000000000000000000000000
00000000000000000000000000000000
00000000000000000000000000000000
00000000000000000000000000000000
00000000000000000000000000000000
00000000000000000000000000000000
00000000000000000000000000000000
00000000000000000000000000000000
00000000000000000000000000000000
00000000000000000000000000000000
00000000000000000000000000000000
00000000000000000000000000000000
00000000000000000000000000000000
00000000000000000000000000000000
00000000000000000000000000000000
00000000000000000000000000000000
00000000000000000000000000000000
00000000000000000000000000000000
00000000000000000000000000000000
00000000000000000000000000000000
00000000000000000000000000000000
00000000000000000000000000000000
00000000000000000000000000000000
00000000000000000000000000000000
00000000000000000000000000000000
00000000000000000000000000000000
00000000000000000000000000000000
00000000000000000000000000000000
00000000000000000000000000000000
00000000000000000000000000000000
00000000000000000000000000000000
00000000000000000000000000000000
00000000000000000000000000000000
00000000000000000000000000000000
00000000000000000000000000000000
00000000000000000000000000000000
00000000000000000000000000000000
00000000000000000000000000000000
00000000000000000000000000000000
00000000000000000000000000000000
00000000000000000000000000000000
00000000000000000000000000000000
00000000000000000000000000000000
00000000000000000000000000000000
00000000000000000000000000000000
00000000000000000000000000000000
00000000000000000000000000000000
00000000000000000000000000000000
00000000000000000000000000000000
00000000000000000000000000000000
00000000000000000000000000000000
00000000000000000000000000000000
00000000000000000000000000000000
00000000000000000000000000000000
00000000000000000000000000000000
00000000000000000000000000000000
00000000000000000000000000000000
00000000000000000000000000000000
00000000000000000000000000000000
00000000000000000000000000000000
00000000000000000000000000000000
00000000000000000000000000000000
00000000000000000000000000000000
00000000000000000000000000000000
00000000000000000000000000000000
00000000000000000000000000000000
00000000000000000000000000000000
00000000000000000000000000000000
00000000000000000000000000000000
00000000000000000000000000000000
00000000000000000000000000000000
00000000000000000000000000000000
00000000000000000000000000000000
00000000000000000000000000000000
00000000000000000000000000000000
00000000000000000000000000000000
00000000000000000000000000000000
00000000000000000000000000000000
00000000000000000000000000000000
00000000000000000000000000000000
00000000000000000000000000000000
00000000000000000000000000000000
00000000000000000000000000000000
00000000000000000000000000000000
00000000000000000000000000000000
00000000000000000000000000000000
00000000000000000000000000000000
00000000000000000000000000000000
00000000000000000000000000000000
00000000000000000000000000000000
00000000000000000000000000000000
00000000000000000000000000000000
00000000000000000000000000000000
00000000000000000000000000000000
00000000000000000000000000000000
00000000000000000000000000000000
00000000000000000000000000000000
00000000000000000000000000000000
00000000000000000000000000000000
00000000000000000000000000000000
00000000000000000000000000000000
00000000000000000000000000000000
00000000000000000000000000000000
00000000000000000000000000000000
00000000000000000000000000000000
00000000000000000000000000000000
00000000000000000000000000000000
00000000000000000000000000000000
00000000000000000000000000000000
00000000000000000000000000000000
00000000000000000000000000000000
00000000000000000000000000000000
00000000000000000000000000000000
00000000000000000000000000000000
00000000000000000000000000000000
00000000000000000000000000000000
00000000000000000000000000000000
00000000000000000000000000000000
00000000000000000000000000000000
00000000000000000000000000000000
00000000000000000000000000000000
00000000000000000000000000000000
00000000000000000000000000000000
00000000000000000000000000000000
00000000000000000000000000000000
00000000000000000000000000000000
00000000000000000000000000000000
00000000000000000000000000000000
00000000000000000000000000000000
00000000000000000000000000000000
00000000000000000000000000000000
00000000000000000000000000000000
00000000000000000000000000000000
00000000000000000000000000000000
00000000000000000000000000000000
00000000000000000000000000000000
00000000000000000000000000000000
00000000000000000000000000000000
00000000000000000000000000000000
00000000000000000000000000000000
00000000000000000000000000000000
00000000000000000000000000000000
00000000000000000000000000000000
00000000000000000000000000000000
00000000000000000000000000000000
00000000000000000000000000000000
00000000000000000000000000000000
00000000000000000000000000000000
00000000000000000000000000000000
00000000000000000000000000000000
00000000000000000000000000000000
00000000000000000000000000000000
00000000000000000000000000000000
00000000000000000000000000000000
00000000000000000000000000000000
00000000000000000000000000000000
00000000000000000000000000000000
00000000000000000000000000000000
00000000000000000000000000000000
00000000000000000000000000000000
00000000000000000000000000000000
00000000000000000000000000000000
00000000000000000000000000000000
00000000000000000000000000000000
00000000000000000000000000000000
00000000000000000000000000000000
00000000000000000000000000000000
00000000000000000000000000000000
00000000000000000000000000000000
00000000000000000000000000000000
00000000000000000000000000000000
00000000000000000000000000000000
00000000000000000000000000000000
00000000000000000000000000000000
00000000000000000000000000000000
00000000000000000000000000000000
00000000000000000000000000000000
00000000000000000000000000000000
00000000000000000000000000000000
00000000000000000000000000000000
00000000000000000000000000000000
00000000000000000000000000000000
00000000000000000000000000000000
00000000000000000000000000000000
00000000000000000000000000000000
00000000000000000000000000000000
00000000000000000000000000000000
00000000000000000000000000000000
00000000000000000000000000000000
00000000000000000000000000000000
00000000000000000000000000000000
00000000000000000000000000000000
00000000000000000000000000000000
00000000000000000000000000000000
00000000000000000000000000000000
00000000000000000000000000000000
00000000000000000000000000000000
00000000000000000000000000000000
00000000000000000000000000000000
00000000000000000000000000000000
00000000000000000000000000000000
00000000000000000000000000000000
00000000000000000000000000000000
00000000000000000000000000000000
00000000000000000000000000000000
00000000000000000000000000000000
00000000000000000000000000000000
00000000000000000000000000000000
00000000000000000000000000000000
00000000000000000000000000000000
00000000000000000000000000000000
00000000000000000000000000000000
00000000000000000000000000000000
00000000000000000000000000000000
00000000000000000000000000000000
00000000000000000000000000000000
00000000000000000000000000000000
00000000000000000000000000000000
00000000000000000000000000000000
00000000000000000000000000000000
00000000000000000000000000000000
00000000000000000000000000000000
00000000000000000000000000000000
00000000000000000000000000000000
00000000000000000000000000000000
00000000000000000000000000000000
00000000000000000000000000000000
00000000000000000000000000000000
00000000000000000000000000000000
00000000000000000000000000000000
00000000000000000000000000000000
00000000000000000000000000000000
00000000000000000000000000000000
00000000000000000000000000000000
00000000000000000000000000000000
00000000000000000000000000000000
00000000000000000000000000000000
00000000000000000000000000000000
00000000000000000000000000000000
00000000000000000000000000000000
00000000000000000000000000000000
00000000000000000000000000000000
00000000000000000000000000000000
00000000000000000000000000000000
00000000000000000000000000000000
00000000000000000000000000000000
00000000000000000000000000000000
00000000000000000000000000000000
00000000000000000000000000000000
00000000000000000000000000000000
00000000000000000000000000000000
00000000000000000000000000000000
00000000000000000000000000000000
00000000000000000000000000000000
00000000000000000000000000000000
00000000000000000000000000000000
00000000000000000000000000000000
00000000000000000000000000000000
00000000000000000000000000000000
00000000000000000000000000000000
00000000000000000000000000000000
00000000000000000000000000000000
00000000000000000000000000000000
00000000000000000000000000000000
00000000000000000000000000000000
00000000000000000000000000000000
00000000000000000000000000000000
00000000000000000000000000000000
00000000000000000000000000000000
00000000000000000000000000000000
00000000000000000000000000000000
00000000000000000000000000000000
00000000000000000000000000000000
00000000000000000000000000000000
00000000000000000000000000000000
00000000000000000000000000000000
00000000000000000000000000000000
00000000000000000000000000000000
00000000000000000000000000000000
00000000000000000000000000000000
00000000000000000000000000000000
00000000000000000000000000000000
00000000000000000000000000000000
00000000000000000000000000000000
00000000000000000000000000000000
00000000000000000000000000000000
00000000000000000000000000000000
00000000000000000000000000000000
00000000000000000000000000000000
00000000000000000000000000000000
00000000000000000000000000000000
00000000000000000000000000000000
00000000000000000000000000000000
00000000000000000000000000000000
00000000000000000000000000000000
00000000000000000000000000000000
00000000000000000000000000000000
00000000000000000000000000000000
00000000000000000000000000000000
00000000000000000000000000000000
00000000000000000000000000000000
00000000000000000000000000000000
00000000000000000000000000000000
00000000000000000000000000000000
00000000000000000000000000000000
00000000000000000000000000000000
00000000000000000000000000000000
00000000000000000000000000000000
00000000000000000000000000000000
00000000000000000000000000000000
00000000000000000000000000000000
00000000000000000000000000000000
00000000000000000000000000000000
00000000000000000000000000000000
00000000000000000000000000000000
00000000000000000000000000000000
00000000000000000000000000000000
00000000000000000000000000000000
00000000000000000000000000000000
00000000000000000000000000000000
00000000000000000000000000000000
00000000000000000000000000000000
00000000000000000000000000000000
00000000000000000000000000000000
00000000000000000000000000000000
00000000000000000000000000000000
00000000000000000000000000000000
00000000000000000000000000000000
00000000000000000000000000000000
00000000000000000000000000000000
00000000000000000000000000000000
00000000000000000000000000000000
00000000000000000000000000000000
00000000000000000000000000000000
00000000000000000000000000000000
00000000000000000000000000000000
00000000000000000000000000000000
00000000000000000000000000000000
00000000000000000000000000000000
00000000000000000000000000000000
00000000000000000000000000000000
00000000000000000000000000000000
00000000000000000000000000000000
00000000000000000000000000000000
00000000000000000000000000000000
00000000000000000000000000000000
00000000000000000000000000000000
00000000000000000000000000000000
00000000000000000000000000000000
00000000000000000000000000000000
00000000000000000000000000000000
00000000000000000000000000000000
00000000000000000000000000000000
00000000000000000000000000000000
00000000000000000000000000000000
00000000000000000000000000000000
00000000000000000000000000000000
00000000000000010000001111001100
00000000000000010000001110100100
00000000000000000000000000000001
00000000000000000000000000000001
00000000000000000000000000001100
00000000000000010000001010011100
00000000000000000000000000001101
00000000000000010000010000111100
00000000000000000000000000011001
00000000000000100000111100010000
00000000000000000000000000011011
00000000000000000000000000000100
00000000000000000000000000011010
00000000000000100000111100010100
00000000000000000000000000011100
00000000000000000000000000000100
01101111111111111111111011110101
00000000000000010000000110110100
00000000000000000000000000000101
00000000000000010000001000011000
00000000000000000000000000000110
00000000000000010000000111011000
00000000000000000000000000001010
00000000000000000000000000111100
00000000000000000000000000001011
00000000000000000000000000010000
00000000000000000000000000010101
00000000000000000000000000000000
00000000000000000000000000000011
00000000000000100001000000000000
00000000000000000000000000000010
00000000000000000000000000011000
00000000000000000000000000010100
00000000000000000000000000010001
00000000000000000000000000010111
00000000000000010000001010000100
00000000000000000000000000010001
00000000000000010000001001111100
00000000000000000000000000010010
00000000000000000000000000001000
00000000000000000000000000010011
00000000000000000000000000001000
01101111111111111111111111111110
00000000000000010000001001011100
01101111111111111111111111111111
00000000000000000000000000000001
01101111111111111111111111110000
00000000000000010000001001010100
00000000000000000000000000000000
00000000000000000000000000000000
00000000000000000000000000000000
00000000000000000000000000000000
00000000000000000000000000000000
00000000000000000000000000000000
00000000000000000000000000000000
00000000000000000000000000000000
00000000000000000000000000000000
00000000000000000000000000000000
00000000000000000000000000000000
00000000000000000000000000000000
00000000000000100000111100011000
00000000000000000000000000000000
00000000000000000000000000000000
00000000000000010000001010101000
00000000000000010000001010101000
00000000000000010000001010101000
00000000000000000000000000000000
00000000000000000000000000000000
00000000000000000000000000000000
00111010010000110100001101000111
01100001010100100010100000100000
01101001011000100111000001110011
00111000001000000110111001100001
00110000001011100011001100101110
01110010001010110011011000101101
00101001001100010110100101110000
00110011001011100011100000100000
01000001000000000011000000101110
00000000000000000000000000101100
01100010011000010110010101100001
00100010000000010000000001101001
00000101000000000000000000000000
00000110000001100000000000110110
00000001000010010000000100001000
00000100000100100000001000001010
00000001000101000000000100010011
00000011000101110000000100010101
00000010000110100000000100011000
00000001001000100000000100011100
00000000000000000000000000000000
00000000000000000000000000000000
00000000000000000000000000000000
00000000000000000000000000000000
00000000000000000000000000000000
00000000000000010000000101010100
00000000000000000000000000000000
00000000000000010000000000000011
00000000000000000000000000000000
00000000000000010000000101110000
00000000000000000000000000000000
00000000000000100000000000000011
00000000000000000000000000000000
00000000000000010000000110010000
00000000000000000000000000000000
00000000000000110000000000000011
00000000000000000000000000000000
00000000000000010000000110110100
00000000000000000000000000000000
00000000000001000000000000000011
00000000000000000000000000000000
00000000000000010000000111011000
00000000000000000000000000000000
00000000000001010000000000000011
00000000000000000000000000000000
00000000000000010000001000011000
00000000000000000000000000000000
00000000000001100000000000000011
00000000000000000000000000000000
00000000000000010000001001010100
00000000000000000000000000000000
00000000000001110000000000000011
00000000000000000000000000000000
00000000000000010000001001011100
00000000000000000000000000000000
00000000000010000000000000000011
00000000000000000000000000000000
00000000000000010000001001111100
00000000000000000000000000000000
00000000000010010000000000000011
00000000000000000000000000000000
00000000000000010000001010000100
00000000000000000000000000000000
00000000000010100000000000000011
00000000000000000000000000000000
00000000000000010000001010011100
00000000000000000000000000000000
00000000000010110000000000000011
00000000000000000000000000000000
00000000000000010000001010101000
00000000000000000000000000000000
00000000000011000000000000000011
00000000000000000000000000000000
00000000000000010000001011100000
00000000000000000000000000000000
00000000000011010000000000000011
00000000000000000000000000000000
00000000000000010000010000111100
00000000000000000000000000000000
00000000000011100000000000000011
00000000000000000000000000000000
00000000000000010000010001000100
00000000000000000000000000000000
00000000000011110000000000000011
00000000000000000000000000000000
00000000000000010000010001001000
00000000000000000000000000000000
00000000000100000000000000000011
00000000000000000000000000000000
00000000000000010000010001010000
00000000000000000000000000000000
00000000000100010000000000000011
00000000000000000000000000000000
00000000000000100000111100010000
00000000000000000000000000000000
00000000000100100000000000000011
00000000000000000000000000000000
00000000000000100000111100010100
00000000000000000000000000000000
00000000000100110000000000000011
00000000000000000000000000000000
00000000000000100000111100011000
00000000000000000000000000000000
00000000000101000000000000000011
00000000000000000000000000000000
00000000000000100001000000000000
00000000000000000000000000000000
00000000000101010000000000000011
00000000000000000000000000000000
00000000000000100001000000011100
00000000000000000000000000000000
00000000000101100000000000000011
00000000000000000000000000000000
00000000000000100001000000100100
00000000000000000000000000000000
00000000000101110000000000000011
00000000000000000000000000000000
00000000000000000000000000000000
00000000000000000000000000000000
00000000000110000000000000000011
00000000000000000000000000000000
00000000000000000000000000000000
00000000000000000000000000000000
00000000000110010000000000000011
00000000000000000000000000000001
00000000000000000000000000000000
00000000000000000000000000000000
11111111111100010000000000000100
00000000000000000000000001001000
00000000000000010000000101110000
00000000000000000000000000000000
00000000000000100000000000000000
00000000000000000000000001001011
00000000000000010000001011100000
00000000000000000000000000000000
00000000000011010000000000000000
00000000000000000000000001001000
00000000000000010000010001001000
00000000000000000000000000000000
00000000000100000000000000000000
00000000000000000000000001001000
00000000000000010000001100010000
00000000000000000000000000000000
00000000000011010000000000000000
00000000000000000000000001001000
00000000000000010000010001000100
00000000000000000000000000000000
00000000000011110000000000000000
00000000000000000000000001001000
00000000000000100001000000011100
00000000000000000000000000000000
00000000000101100000000000000000
00000000000000000000000001001110
00000000000000000000000000000000
00000000000000000000000000000000
11111111111100010000000000000100
00000000000000000000000001001011
00000000000000010000001100011100
00000000000000000000000000000000
00000000000011010000000000000000
00000000000000000000000010010101
00000000000000010000001100011100
00000000000000000000000000000000
00000000000011010000000000000010
00000000000000000000000001001000
00000000000000010000001100111000
00000000000000000000000000000000
00000000000011010000000000000000
00000000000000000000000001001011
00000000000000010000001010011100
00000000000000000000000000000000
00000000000010110000000000000000
00000000000000000000000001001011
00000000000000010000010000111100
00000000000000000000000000000000
00000000000011100000000000000000
00000000000000000000000010100010
00000000000000000000000000000000
00000000000000000000000000000000
11111111111100010000000000000100
00000000000000000000000001001011
00000000000000010000001010100100
00000000000000000000000000000000
00000000000010110000000000000000
00000000000000000000000001001011
00000000000000010000010001000000
00000000000000000000000000000000
00000000000011100000000000000000
00000000000000000000000011101001
00000000000000000000000000000000
00000000000000000000000000000000
11111111111100010000000000000100
00000000000000000000000001001011
00000000000000010000001101000000
00000000000000000000000000000000
00000000000011010000000000000000
00000000000000000000000011110100
00000000000000010000001101000000
00000000000000000000000000000000
00000000000011010000000000000010
00000000000000000000000001001000
00000000000000010000001101100000
00000000000000000000000000000000
00000000000011010000000000000000
00000000000000000000000001001011
00000000000000010000001101101100
00000000000000000000000000000000
00000000000011010000000000000000
00000000000000000000000011110110
00000000000000010000001101101100
00000000000000000000000000000000
00000000000011010000000000000010
00000000000000000000000001001000
00000000000000010000001110011000
00000000000000000000000000000000
00000000000011010000000000000000
00000000000000000000000001001000
00000000000000100001000000100000
00000000000000000000000000000000
00000000000101100000000000000000
00000000000000000000000001001011
00000000000000010000001110100100
00000000000000000000000000000000
00000000000011010000000000000000
00000000000000000000000100001001
00000000000000010000001110100100
00000000000000000000000000000000
00000000000011010000000000000010
00000000000000000000000001001000
00000000000000010000001111001000
00000000000000000000000000000000
00000000000011010000000000000000
00000000000000000000000100011111
00000000000000100001000000100100
00000000000000000000000000000001
00000000000101110000000000000001
00000000000000000000000001001000
00000000000000100000111100010100
00000000000000000000000000000000
00000000000100110000000000000000
00000000000000000000000100101111
00000000000000100000111100010100
00000000000000000000000000000000
00000000000100110000000000000001
00000000000000000000000001001011
00000000000000010000001111001100
00000000000000000000000000000000
00000000000011010000000000000000
00000000000000000000000101010110
00000000000000010000001111001100
00000000000000000000000000000000
00000000000011010000000000000010
00000000000000000000000001001000
00000000000000100000111100010000
00000000000000000000000000000000
00000000000100100000000000000000
00000000000000000000000101100010
00000000000000100000111100010000
00000000000000000000000000000000
00000000000100100000000000000001
00000000000000000000000001001000
00000000000000100001000000100100
00000000000000000000000000000000
00000000000101110000000000000000
00000000000000000000000110000001
00000000000000000000000000000000
00000000000000000000000000000000
11111111111100010000000000000100
00000000000000000000000001001011
00000000000000010000001111010000
00000000000000000000000000000000
00000000000011010000000000000000
00000000000000000000000110001000
00000000000000000000000000000000
00000000000000000000000000000000
11111111111100010000000000000100
00000000000000000000000001001011
00000000000000010000001111011000
00000000000000000000000000000000
00000000000011010000000000000000
00000000000000000000000001001000
00000000000000010000010000110000
00000000000000000000000000000000
00000000000011010000000000000000
00000000000000000000000001001011
00000000000000010000010000111000
00000000000000000000000000000000
00000000000011010000000000000000
00000000000000000000000011101001
00000000000000000000000000000000
00000000000000000000000000000000
11111111111100010000000000000100
00000000000000000000000001001000
00000000000000010000010001010000
00000000000000000000000000000000
00000000000100010000000000000000
00000000000000000000000110010100
00000000000000010000010001010000
00000000000000000000000000000000
00000000000100010000000000000001
00000000000000000000000000000000
00000000000000000000000000000000
00000000000000000000000000000000
11111111111100010000000000000100
00000000000000000000000110100010
00000000000000100000111100010100
00000000000000000000000000000000
00000000000100100000000000000000
00000000000000000000000110110011
00000000000000100000111100011000
00000000000000000000000000000000
00000000000101000000000000000001
00000000000000000000000110111100
00000000000000100000111100010000
00000000000000000000000000000000
00000000000100100000000000000000
00000000000000000000000111001111
00000000000000100001000000000000
00000000000000000000000000000000
00000000000101010000000000000001
00000000000000000000000001001011
00000000000000010000001010101000
00000000000000000000000000000000
00000000000011000000000000000000
00000000000000000000000001001000
00000000000000010000001010111000
00000000000000000000000000000000
00000000000011000000000000000000
00000000000000000000000001001011
00000000000000010000001010111100
00000000000000000000000000000000
00000000000011000000000000000000
00000000000000000000000111100101
00000000000000010000010000111000
00000000000000000000000000000100
00000000000011010000000000010010
00000000000000000000001000011000
00000000000000100001000000011100
00000000000000000000000000000000
00000000000101100000000000100000
00000000000000000000000111110101
00000000000000100001000000100100
00000000000000000000000000000000
00000000000101110000000000010000
00000000000000000000001000001011
00000000000000100001000000101000
00000000000000000000000000000000
00000000000101110000000000010000
00000000000000000000001000000011
00000000000000100001000000100100
00000000000000000000000000000000
00000000000101100000000000010000
00000000000000000000000111101111
00000000000000010000010000111100
00000000000000000000000000000000
00000000000011100000001000010010
00000000000000000000001000001010
00000000000000100001000000101000
00000000000000000000000000000000
00000000000101110000000000010000
00000000000000000000001000010110
00000000000000100001000000011100
00000000000000000000000000000000
00000000000101100000000000010000
00000000000000000000001000100011
00000000000000000000000000000000
00000000000000000000000000000000
00000000000000000000000000010010
00000000000000000000001001000000
00000000000000000000000000000000
00000000000000000000000000000000
00000000000000000000000000100000
00000000000000000000001001001111
00000000000000100001000000100000
00000000000000000000000000000000
00000000000101100000001000010001
00000000000000000000001001011100
00000000000000010000010001000100
00000000000000000000000000000100
00000000000011110000000000010001
00000000000000000000001001101011
00000000000000010000001111011000
00000000000000000000000001100000
00000000000011010000000000010010
00000000000000000000000110101110
00000000000000100001000000101000
00000000000000000000000000000000
00000000000101110000000000010000
00000000000000000000001000011100
00000000000000010000001011100000
00000000000000000000000000000000
00000000000011010000000000010010
00000000000000000000001001111011
00000000000000100001000000101000
00000000000000000000000000000000
00000000000101110000000000010000
00000000000000000000001010000011
00000000000000100001000000100100
00000000000000000000000000000000
00000000000101110000000000010000
00000000000000000000001010001111
00000000000000010000001111010000
00000000000000000000000000000000
00000000000011010000000000010000
00000000000000000000001010010100
00000000000000100001000000100100
00000000000000000000000000000000
00000000000101100000001000010001
00000000000000000000001010100000
00000000000000000000000000000000
00000000000000000000000000000000
00000000000000000000000000010010
00000000000000000000001001110101
00000000000000010000001010011100
00000000000000000000000000000000
00000000000010110000001000010010
01110011011101010010111100000000
01101001011011000010111101110010
01100011011001110010111101100010
01110010011000010010111101100011
01101001011011000010110101101101
00101101011110000111010101101110
01100101011101010110111001100111
01101000011010010110001001100001
00101111001110000010111101100110
00101110001011110010111000101110
00101110001011100010111100101110
01101101011100100110000100101111
01101110011010010110110000101101
01100111001011010111100001110101
01100001011001010111010101101110
01100110011010000110100101100010
01110100011100100110001100101111
00000000011011110010111000110001
00100100000000000110010000100100
01110101001011110000000001100001
01101100001011110111001001110011
01100111001011110110001001101001
01100001001011110110001101100011
01101100001011010110110101110010
01111000011101010110111001101001
01110101011011100110011100101101
01101001011000100110000101100101
00111000001011110110011001101000
00101111001011100010111000101111
00101110001011110010111000101110
01110010011000010010111100101110
01101001011011000010110101101101
00101101011110000111010101101110
01100101011101010110111001100111
01101000011010010110001001100001
01110010011000110010111101100110
01101111001011100110100101110100
01101100011000010110001100000000
01100101011101110101111101101100
01100110010111110110101101100001
01110101001011110000000001101110
01101100001011110111001001110011
01100111001011110110001001101001
01100001001011110110001101100011
01101100001011010110110101110010
01111000011101010110111001101001
01110101011011100110011100101101
01101001011000100110000101100101
00111000001011110110011001101000
00101111001011100010111000101111
00101110001011110010111000101110
01110010011000010010111100101110
01101001011011000010110101101101
00101101011110000111010101101110
01100101011101010110111001100111
01101000011010010110001001100001
01110010011000110010111101100110
01101111001011100110111001110100
01110100011100100110001100000000
01100110011101010111010001110011
00000000011000110010111001100110
01100101011100100110010101100100
01110100011100110110100101100111
01110100010111110111001001100101
01101100011000110101111101101101
01110011011001010110111001101111
01100100010111110101111100000000
01101100011001110101111101101111
01101100011000010110001001101111
01101111011101000110010001011111
01100001010111110111001101110010
01100011000000000111100001110101
01101100011100000110110101101111
01100100011001010111010001100101
00110111001100000011000100101110
01011111000000000011001100111000
01011111011011110110010001011111
01100010011011110110110001100111
01100100010111110110110001100001
01110011011100100110111101110100
01111000011101010110000101011111
01101110011010010110011001011111
01110010011000010101111101101001
01011111011110010110000101110010
01110010011101000110111001100101
01110010011001100000000001111001
01011111011001010110110101100001
01101101011011010111010101100100
01011111010111110000000001111001
01101101011000010111001001100110
01110101011001000101111101100101
01011111011110010110110101101101
01110100011010010110111001101001
01110010011100100110000101011111
01100101010111110111100101100001
01111001011100100111010001101110
01110011011001010111010000000000
00000000011011110010111001110100
00101101011001100110110001100101
01110100011010010110111001101001
00000000010100110110111100101110
01010010010001100101111101011111
01011111010001010100110101000001
01011111010001000100111001000101
01011111010111110000000001011111
01110100011010010110111001101001
01110010011100100110000101011111
01100101010111110111100101100001
01011111000000000110010001101110
01000001010011100101100101000100
00000000010000110100100101001101
01101110011010010101111101011111
01100001010111110111010001101001
01111001011000010111001001110010
01100001011101000111001101011111
01011111000000000111010001110010
01000010010011110100110001000111
01001111010111110100110001000001
01000101010100110100011001000110
01000001010101000101111101010100
01011111010001010100110001000010
01101100010111110101111100000000
01011111011000110110001001101001
01011111011101010111001101100011
01101001011011100110100101100110
01100010010111110101111100000000
01110011010111110111001101110011
01110100011100100110000101110100
01011111000000000101111101011111
01110100011000010110010001100101
01011111010111110000000001100001
01011111011100110111001101100010
01011111011001000110111001100101
01011111010111110000000001011111
01100001011101000110000101100100
01100001011101000111001101011111
01011111000000000111010001110010
01100010011010010110110001011111
01110100011100110101111101100011
01011111011101000111001001100001
01101110011010010110000101101101
01001100010001110100000001000000
01011111010000110100001001001001
00000000001101000010111000110010
01101101011001110101111101011111
01110011010111110110111001101111
01110100011100100110000101110100
01011111000000000101111101011111
01101111011100110110010001011111
01101110011000010110100001011111
00000000011001010110110001100100
01011111010011110100100101011111
01101001011001000111010001110011
01110011011101010101111101101110
01011111000000000110010001100101
01100010011010010110110001011111
01110011011000110101111101100011
01101110011010010101111101110101
01011111000000000111010001101001
01100100011011100110010101011111
01011111000000000101111101011111
01110011011100110110001001011111
01100001011101000111001101011111
01101101000000000111010001110010
00000000011011100110100101100001
01001101010101000101111101011111
01001110010001010101111101000011
00000000010111110101111101000100
01110010011011110110001001100001
01000111010000000100000001110100
01000011010000100100100101001100
00110100001011100011001001011111
01110011001011100000000000000000
01100001011101000110110101111001
01110011001011100000000001100010
01100001011101000111001001110100
01110011001011100000000001100010
01110010011101000111001101101000
00000000011000100110000101110100
01110100011011100110100100101110
00000000011100000111001001100101
01110100011011110110111000101110
01000010010000010010111001100101
01100001011101000010110101001001
01101110001011100000000001100111
00101110011001010111010001101111
00101110011101010110111001100111
01101100011010010111010101100010
01100100011010010010110101100100
01101110011001110010111000000000
01100001011010000010111001110101
00101110000000000110100001110011
01110011011011100111100101100100
00101110000000000110110101111001
01110011011011100111100101100100
00101110000000000111001001110100
00101110011101010110111001100111
01110011011100100110010101110110
00000000011011100110111101101001
01110101011011100110011100101110
01110010011001010111011000101110
01101110011011110110100101110011
00101110000000000111001001011111
00101110011011000110010101110010
00000000011011100111100101100100
01101100011001010111001000101110
01110100011011000111000000101110
01101110011010010010111000000000
00101110000000000111010001101001
01110100011110000110010101110100
01101001011001100010111000000000
00101110000000000110100101101110
01100001011001000110111101110010
00101110000000000110000101110100
00101110010011010101001001000001
01100100011010010111100001100101
01100101001011100000000001111000
01110010011001100101111101101000
00000000011001010110110101100001
01101001011011100110100100101110
01110010011000010101111101110100
00000000011110010110000101110010
01101110011010010110011000101110
01110010011000010101111101101001
00000000011110010110000101110010
01101110011110010110010000101110
01100011011010010110110101100001
01101111011001110010111000000000
01100100001011100000000001110100
00000000011000010111010001100001
01110011011100110110001000101110
01101111011000110010111000000000
01101110011001010110110101101101
01000001001011100000000001110100
01100001001011100100110101010010
01101001011100100111010001110100
01100101011101000111010101100010
00000000000000000000000001110011
00000000000000000000000000000000
00000000000000000000000000000000
00000000000000000000000000000000
00000000000000000000000000000000
00000000000000000000000000000000
00000000000000000000000000000000
00000000000000000000000000000000
00000000000000000000000000000000
00000000000000000000000000000000
00000000000000000000000000000000
00000000000000000000000000011011
00000000000000000000000000000001
00000000000000000000000000000010
00000000000000010000000101010100
00000000000000000000000101010100
00000000000000000000000000011001
00000000000000000000000000000000
00000000000000000000000000000000
00000000000000000000000000000001
00000000000000000000000000000000
00000000000000000000000000100011
00000000000000000000000000000111
00000000000000000000000000000010
00000000000000010000000101110000
00000000000000000000000101110000
00000000000000000000000000100000
00000000000000000000000000000000
00000000000000000000000000000000
00000000000000000000000000000100
00000000000000000000000000000000
00000000000000000000000000110001
00000000000000000000000000000111
00000000000000000000000000000010
00000000000000010000000110010000
00000000000000000000000110010000
00000000000000000000000000100100
00000000000000000000000000000000
00000000000000000000000000000000
00000000000000000000000000000100
00000000000000000000000000000000
00000000000000000000000001000100
01101111111111111111111111110110
00000000000000000000000000000010
00000000000000010000000110110100
00000000000000000000000110110100
00000000000000000000000000100100
00000000000000000000000000000101
00000000000000000000000000000000
00000000000000000000000000000100
00000000000000000000000000000100
00000000000000000000000001001110
00000000000000000000000000001011
00000000000000000000000000000010
00000000000000010000000111011000
00000000000000000000000111011000
00000000000000000000000001000000
00000000000000000000000000000110
00000000000000000000000000000001
00000000000000000000000000000100
00000000000000000000000000010000
00000000000000000000000001010110
00000000000000000000000000000011
00000000000000000000000000000010
00000000000000010000001000011000
00000000000000000000001000011000
00000000000000000000000000111100
00000000000000000000000000000000
00000000000000000000000000000000
00000000000000000000000000000001
00000000000000000000000000000000
00000000000000000000000001011110
01101111111111111111111111111111
00000000000000000000000000000010
00000000000000010000001001010100
00000000000000000000001001010100
00000000000000000000000000001000
00000000000000000000000000000101
00000000000000000000000000000000
00000000000000000000000000000010
00000000000000000000000000000010
00000000000000000000000001101011
01101111111111111111111111111110
00000000000000000000000000000010
00000000000000010000001001011100
00000000000000000000001001011100
00000000000000000000000000100000
00000000000000000000000000000110
00000000000000000000000000000001
00000000000000000000000000000100
00000000000000000000000000000000
00000000000000000000000001111010
00000000000000000000000000001001
00000000000000000000000000000010
00000000000000010000001001111100
00000000000000000000001001111100
00000000000000000000000000001000
00000000000000000000000000000101
00000000000000000000000000000000
00000000000000000000000000000100
00000000000000000000000000001000
00000000000000000000000010000011
00000000000000000000000000001001
00000000000000000000000001000010
00000000000000010000001010000100
00000000000000000000001010000100
00000000000000000000000000011000
00000000000000000000000000000101
00000000000000000000000000010101
00000000000000000000000000000100
00000000000000000000000000001000
00000000000000000000000010001100
00000000000000000000000000000001
00000000000000000000000000000110
00000000000000010000001010011100
00000000000000000000001010011100
00000000000000000000000000001100
00000000000000000000000000000000
00000000000000000000000000000000
00000000000000000000000000000100
00000000000000000000000000000000
00000000000000000000000010000111
00000000000000000000000000000001
00000000000000000000000000000110
00000000000000010000001010101000
00000000000000000000001010101000
00000000000000000000000000111000
00000000000000000000000000000000
00000000000000000000000000000000
00000000000000000000000000000100
00000000000000000000000000000100
00000000000000000000000010010010
00000000000000000000000000000001
00000000000000000000000000000110
00000000000000010000001011100000
00000000000000000000001011100000
00000000000000000000000101011100
00000000000000000000000000000000
00000000000000000000000000000000
00000000000000000000000000000100
00000000000000000000000000000000
00000000000000000000000010011000
00000000000000000000000000000001
00000000000000000000000000000110
00000000000000010000010000111100
00000000000000000000010000111100
00000000000000000000000000001000
00000000000000000000000000000000
00000000000000000000000000000000
00000000000000000000000000000100
00000000000000000000000000000000
00000000000000000000000010011110
00000000000000000000000000000001
00000000000000000000000000010010
00000000000000010000010001000100
00000000000000000000010001000100
00000000000000000000000000000100
00000000000000000000000000000000
00000000000000000000000000000000
00000000000000000000000000000100
00000000000000000000000000000100
00000000000000000000000010100110
01110000000000000000000000000001
00000000000000000000000010000010
00000000000000010000010001001000
00000000000000000000010001001000
00000000000000000000000000001000
00000000000000000000000000001101
00000000000000000000000000000000
00000000000000000000000000000100
00000000000000000000000000000000
00000000000000000000000010110001
00000000000000000000000000000001
00000000000000000000000000000010
00000000000000010000010001010000
00000000000000000000010001010000
00000000000000000000000000000100
00000000000000000000000000000000
00000000000000000000000000000000
00000000000000000000000000000100
00000000000000000000000000000000
00000000000000000000000010111011
00000000000000000000000000001110
00000000000000000000000000000011
00000000000000100000111100010000
00000000000000000000111100010000
00000000000000000000000000000100
00000000000000000000000000000000
00000000000000000000000000000000
00000000000000000000000000000100
00000000000000000000000000000100
00000000000000000000000011000111
00000000000000000000000000001111
00000000000000000000000000000011
00000000000000100000111100010100
00000000000000000000111100010100
00000000000000000000000000000100
00000000000000000000000000000000
00000000000000000000000000000000
00000000000000000000000000000100
00000000000000000000000000000100
00000000000000000000000011010011
00000000000000000000000000000110
00000000000000000000000000000011
00000000000000100000111100011000
00000000000000000000111100011000
00000000000000000000000011101000
00000000000000000000000000000110
00000000000000000000000000000000
00000000000000000000000000000100
00000000000000000000000000001000
00000000000000000000000011011100
00000000000000000000000000000001
00000000000000000000000000000011
00000000000000100001000000000000
00000000000000000001000000000000
00000000000000000000000000011100
00000000000000000000000000000000
00000000000000000000000000000000
00000000000000000000000000000100
00000000000000000000000000000100
00000000000000000000000011100001
00000000000000000000000000000001
00000000000000000000000000000011
00000000000000100001000000011100
00000000000000000001000000011100
00000000000000000000000000001000
00000000000000000000000000000000
00000000000000000000000000000000
00000000000000000000000000000100
00000000000000000000000000000000
00000000000000000000000011100111
00000000000000000000000000001000
00000000000000000000000000000011
00000000000000100001000000100100
00000000000000000001000000100100
00000000000000000000000000000100
00000000000000000000000000000000
00000000000000000000000000000000
00000000000000000000000000000001
00000000000000000000000000000000
00000000000000000000000011101100
00000000000000000000000000000001
00000000000000000000000000110000
00000000000000000000000000000000
00000000000000000001000000100100
00000000000000000000000000100011
00000000000000000000000000000000
00000000000000000000000000000000
00000000000000000000000000000001
00000000000000000000000000000001
00000000000000000000000011110101
01110000000000000000000000000011
00000000000000000000000000000000
00000000000000000000000000000000
00000000000000000001000001000111
00000000000000000000000000101101
00000000000000000000000000000000
00000000000000000000000000000000
00000000000000000000000000000001
00000000000000000000000000000000
00000000000000000000000000000001
00000000000000000000000000000010
00000000000000000000000000000000
00000000000000000000000000000000
00000000000000000001000001110100
00000000000000000000011000110000
00000000000000000000000000011011
00000000000000000000000001001110
00000000000000000000000000000100
00000000000000000000000000010000
00000000000000000000000000001001
00000000000000000000000000000011
00000000000000000000000000000000
00000000000000000000000000000000
00000000000000000001011010100100
00000000000000000000001010110001
00000000000000000000000000000000
00000000000000000000000000000000
00000000000000000000000000000001
00000000000000000000000000000000
00000000000000000000000000010001
00000000000000000000000000000011
00000000000000000000000000000000
00000000000000000000000000000000
00000000000000000001100101010101
00000000000000000000000100000101
00000000000000000000000000000000
00000000000000000000000000000000
00000000000000000000000000000001
00000000000000000000000000000000
